#NId Centrality
273 452
195 377
588 286
1824 206
516 188
444 186
543 180
213 168
93 157
639 153
915 146
3237 134
423 130
939 130
342 128
4746 128
72 126
4755 123
90 120
1233 117
78 113
225 110
1443 103
585 101
1935 100
471 99
255 98
480 97
114 92
1371 92
528 90
2637 87
1077 86
1095 86
243 85
924 84
780 83
1821 83
1161 79
300 78
360 78
723 78
1137 77
1899 77
378 75
240 74
2253 73
75 72
672 72
1053 72
525 71
2718 70
549 69
1725 68
102 67
186 67
336 67
1050 67
192 65
402 65
1185 65
2736 65
5022 64
165 63
2601 63
3174 63
3354 62
264 61
804 61
147 60
4398 60
678 59
1104 59
564 58
960 57
4152 57
393 56
573 56
1122 56
492 55
498 55
1026 55
1365 55
1767 55
441 54
477 54
666 54
822 54
438 53
345 52
489 52
714 51
111 50
144 50
504 50
621 50
1569 50
1806 50
180 49
228 49
450 49
684 49
1068 49
1458 49
234 48
261 48
519 48
681 48
1032 48
1071 48
1320 48
4737 48
426 47
462 47
624 47
645 47
948 47
1308 47
3075 47
5220 47
1341 46
1737 46
3027 46
5733 46
591 44
1470 44
168 43
171 43
183 43
1044 43
1560 43
2568 43
2916 43
81 42
354 42
576 42
1566 42
315 41
510 41
642 41
876 41
420 40
675 40
984 40
2610 40
5217 40
23364 40
570 39
771 39
828 39
2091 39
582 38
762 38
852 38
918 38
1158 38
1836 38
2049 38
2577 38
2619 38
357 37
417 37
1101 37
1179 37
7986 37
603 36
1401 36
1728 36
1842 36
2052 36
2088 36
4524 36
138 35
1527 35
2937 35
5256 35
861 34
879 34
1056 34
1188 34
1464 34
3108 34
5406 34
6930 34
14835 34
252 33
531 33
1170 33
1176 33
1368 33
1476 33
3036 33
3216 33
4704 33
5259 33
54 32
1191 32
1428 32
1902 32
2055 32
2595 32
7155 32
7386 32
9504 32
513 31
579 31
615 31
2733 31
456 30
1110 30
2082 30
2580 30
5943 30
6357 30
10833 30
687 29
816 29
1245 29
1833 29
2229 29
2754 29
2940 29
3999 29
5277 29
279 28
744 28
1080 28
1236 28
1332 28
2613 28
4056 28
4197 28
4227 28
6957 28
651 27
1083 27
1788 27
2160 27
2472 27
3138 27
3486 27
4182 27
4293 27
4521 27
4605 27
5382 27
7428 27
7641 27
14841 27
312 26
1074 26
1086 26
1167 26
1929 26
2550 26
4677 26
5148 26
5286 26
6912 26
10281 26
14838 26
267 25
309 25
408 25
1164 25
1314 25
1323 25
1338 25
1422 25
1572 25
2256 25
2271 25
2760 25
6405 25
6921 25
7515 25
8556 25
9129 25
177 24
465 24
1224 24
1242 24
1668 24
1782 24
2061 24
2631 24
2886 24
3915 24
3966 24
5226 24
5853 24
819 23
1302 23
1389 23
1461 23
1653 23
2268 23
2502 23
2559 23
2640 23
4065 23
4530 23
6231 23
27 22
156 22
1038 22
1206 22
1305 22
1602 22
1656 22
1686 22
1815 22
1962 22
2046 22
3219 22
4365 22
4827 22
5202 22
5505 22
7095 22
7503 22
15198 22
25323 22
537 21
726 21
813 21
873 21
969 21
1059 21
1221 21
1392 21
1425 21
2058 21
2487 21
2652 21
2706 21
4167 21
4305 21
4569 21
4611 21
5376 21
5766 21
20805 21
318 20
792 20
798 20
1140 20
1146 20
1203 20
1419 20
2328 20
2592 20
2715 20
2955 20
3057 20
4173 20
4191 20
4224 20
4230 20
4542 20
8001 20
10842 20
10959 20
486 19
540 19
1152 19
1884 19
2001 19
2679 19
2856 19
2910 19
2931 19
4203 19
4323 19
4440 19
4692 19
4716 19
5490 19
6906 19
7401 19
23025 19
23076 19
558 18
561 18
786 18
864 18
1143 18
1350 18
1359 18
1629 18
1914 18
2076 18
2622 18
3240 18
3258 18
3318 18
3597 18
3792 18
4074 18
4170 18
4371 18
4392 18
4842 18
5052 18
6960 18
9909 18
13200 18
14241 18
20616 18
207 17
324 17
636 17
696 17
735 17
885 17
936 17
1113 17
1128 17
1182 17
1683 17
1941 17
2262 17
2703 17
3054 17
3117 17
4281 17
4680 17
4758 17
5223 17
6033 17
6894 17
7248 17
9300 17
13584 17
23139 17
291 16
711 16
882 16
888 16
1116 16
1197 16
1395 16
1662 16
1809 16
1893 16
2496 16
2700 16
3342 16
4092 16
4131 16
4176 16
4221 16
4248 16
4815 16
5196 16
6654 16
6834 16
7005 16
7008 16
7074 16
7080 16
7281 16
8223 16
9135 16
9888 16
11592 16
13095 16
14862 16
18768 16
132 15
174 15
198 15
372 15
546 15
594 15
891 15
1455 15
1524 15
1743 15
2655 15
2667 15
2748 15
2943 15
3171 15
3246 15
3288 15
3513 15
3933 15
4071 15
4239 15
4356 15
4374 15
5199 15
6018 15
6111 15
7527 15
8694 15
9531 15
19467 15
21423 15
87 14
384 14
399 14
507 14
612 14
753 14
897 14
1035 14
1041 14
1098 14
1209 14
1215 14
1218 14
1248 14
1326 14
1479 14
1485 14
1911 14
2070 14
2385 14
2520 14
2529 14
2664 14
2697 14
2751 14
3066 14
4218 14
4572 14
4740 14
4767 14
4800 14
4809 14
5211 14
6144 14
7203 14
7491 14
7848 14
8025 14
8340 14
8403 14
10212 14
14379 14
20625 14
84 13
246 13
390 13
501 13
522 13
555 13
768 13
837 13
870 13
1107 13
1173 13
1317 13
1362 13
1380 13
1515 13
1797 13
2583 13
2628 13
2730 13
3129 13
3147 13
4185 13
4497 13
4752 13
4884 13
5193 13
5208 13
5295 13
5301 13
5316 13
5769 13
6048 13
6783 13
6786 13
6828 13
6831 13
7032 13
7089 13
8031 13
8580 13
10893 13
11631 13
11952 13
15792 13
21432 13
23073 13
26811 13
219 12
657 12
741 12
951 12
1296 12
1548 12
1953 12
2040 12
2571 12
2766 12
2793 12
2946 12
3015 12
3021 12
3039 12
3048 12
3267 12
3309 12
3465 12
4104 12
4128 12
4209 12
4455 12
4515 12
4551 12
5214 12
5418 12
6063 12
6084 12
6087 12
6210 12
6867 12
6876 12
7545 12
8763 12
9594 12
10803 12
10830 12
11496 12
11715 12
13635 12
16443 12
18603 12
19188 12
22176 12
22587 12
381 11
633 11
654 11
783 11
807 11
1239 11
1410 11
1578 11
1665 11
1689 11
2010 11
2277 11
2337 11
2781 11
2868 11
3081 11
3234 11
3549 11
3846 11
4164 11
4683 11
4839 11
5451 11
5466 11
6015 11
6051 11
6297 11
6801 11
6918 11
7059 11
7113 11
7128 11
7188 11
7200 11
7398 11
7821 11
7863 11
8655 11
8706 11
9861 11
10815 11
10845 11
12765 11
14175 11
20208 11
22566 11
23082 11
9 10
126 10
375 10
429 10
495 10
606 10
708 10
972 10
1017 10
1584 10
1716 10
1827 10
2022 10
2211 10
2250 10
2514 10
2790 10
2817 10
2832 10
2994 10
3060 10
3111 10
3141 10
3357 10
3786 10
3981 10
4080 10
4098 10
4149 10
4335 10
4461 10
4719 10
4791 10
4836 10
4878 10
4947 10
5205 10
5430 10
5637 10
5775 10
5970 10
6009 10
6072 10
6678 10
6966 10
7050 10
7167 10
7302 10
7320 10
7467 10
8931 10
9132 10
9345 10
9825 10
9885 10
10359 10
11190 10
11394 10
11928 10
13002 10
13134 10
13572 10
14568 10
14829 10
15921 10
16710 10
17748 10
18930 10
21420 10
22911 10
23355 10
23373 10
23403 10
23451 10
26007 10
339 9
1011 9
1089 9
1413 9
1623 9
2367 9
2493 9
2604 9
2745 9
2841 9
3369 9
3924 9
4017 9
4062 9
4272 9
4362 9
4452 9
4545 9
4578 9
4599 9
4617 9
4686 9
5118 9
5400 9
5424 9
5460 9
5676 9
5745 9
5799 9
5883 9
5976 9
6429 9
6840 9
7512 9
7947 9
8559 9
9339 9
9942 9
10032 9
10443 9
10662 9
10680 9
11598 9
13419 9
13737 9
14034 9
14832 9
14913 9
16503 9
16713 9
18924 9
19128 9
19815 9
20157 9
20268 9
20361 9
21399 9
21402 9
22359 9
23421 9
25326 9
26040 9
45 8
288 8
459 8
732 8
867 8
906 8
945 8
1149 8
1212 8
1647 8
1704 8
1926 8
1944 8
2103 8
2430 8
2436 8
2469 8
2511 8
2574 8
2643 8
2646 8
2670 8
2772 8
3033 8
3045 8
3144 8
3195 8
3345 8
3348 8
3417 8
4077 8
4113 8
4125 8
4140 8
4236 8
4245 8
4488 8
4701 8
4863 8
4983 8
4995 8
5010 8
5046 8
5070 8
5130 8
5157 8
5253 8
5274 8
5352 8
5415 8
5469 8
5727 8
5742 8
6081 8
6189 8
6255 8
6279 8
6570 8
6864 8
7140 8
7176 8
7269 8
7308 8
7437 8
7551 8
7629 8
7638 8
7692 8
7749 8
8004 8
8322 8
8391 8
8883 8
9009 8
9225 8
9981 8
10302 8
10458 8
10848 8
10860 8
11214 8
11628 8
11745 8
12012 8
13128 8
13197 8
13707 8
13971 8
13983 8
15234 8
15513 8
16737 8
16797 8
16860 8
17037 8
17268 8
19821 8
20232 8
21408 8
22446 8
22914 8
23034 8
23478 8
25158 8
26817 8
27978 8
99 7
123 7
153 7
306 7
396 7
552 7
789 7
894 7
903 7
930 7
1092 7
1119 7
1134 7
1293 7
1434 7
1692 7
1695 7
1713 7
1734 7
1851 7
1875 7
1890 7
1932 7
2142 7
2298 7
2382 7
2508 7
2625 7
2769 7
2847 7
3030 7
3222 7
3231 7
3261 7
3264 7
3297 7
3399 7
3447 7
3468 7
3480 7
3669 7
3744 7
3969 7
4119 7
4161 7
4179 7
4206 7
4275 7
4302 7
4386 7
4395 7
4527 7
4560 7
4608 7
4689 7
4812 7
5088 7
5142 7
5172 7
5271 7
5319 7
5322 7
5331 7
5391 7
5478 7
5496 7
5517 7
5553 7
5748 7
6069 7
6198 7
6258 7
6276 7
6327 7
6378 7
6447 7
6609 7
6735 7
6825 7
6846 7
6855 7
6891 7
7047 7
7119 7
7179 7
7326 7
7422 7
7521 7
7800 7
7998 7
8016 7
8241 7
8376 7
8529 7
8565 7
9486 7
9921 7
10482 7
10557 7
10590 7
10620 7
10929 7
11016 7
11064 7
11250 7
11298 7
11445 7
12255 7
12264 7
12291 7
12423 7
12687 7
13410 7
13665 7
14145 7
14361 7
14868 7
15531 7
16386 7
16641 7
16692 7
16983 7
17232 7
17256 7
18657 7
19278 7
20628 7
21426 7
22035 7
23352 7
24684 7
25077 7
27894 7
27918 7
39 6
108 6
141 6
249 6
447 6
618 6
627 6
630 6
660 6
720 6
747 6
756 6
933 6
1125 6
1194 6
1290 6
1551 6
1707 6
1800 6
1803 6
1866 6
1917 6
1983 6
2031 6
2535 6
2538 6
2682 6
2742 6
2775 6
3093 6
3102 6
3294 6
3303 6
3315 6
3327 6
3330 6
3378 6
3402 6
3438 6
3459 6
3522 6
3651 6
3690 6
3696 6
3768 6
3849 6
3906 6
3996 6
4086 6
4155 6
4200 6
4296 6
4353 6
4377 6
4467 6
4506 6
4695 6
4728 6
4890 6
5061 6
5076 6
5082 6
5145 6
5166 6
5244 6
5343 6
5394 6
5412 6
5499 6
5565 6
5625 6
5658 6
5682 6
5715 6
5778 6
5907 6
5928 6
5991 6
6024 6
6057 6
6150 6
6153 6
6156 6
6372 6
6486 6
6633 6
6645 6
6669 6
6681 6
6810 6
6861 6
6909 6
7065 6
7146 6
7218 6
7410 6
7548 6
7581 6
7635 6
7653 6
7695 6
7701 6
7797 6
7815 6
7938 6
7941 6
7962 6
8220 6
8232 6
8379 6
8685 6
8751 6
8979 6
9174 6
9255 6
9261 6
9474 6
10278 6
10374 6
10608 6
10692 6
10821 6
10824 6
10827 6
10872 6
10920 6
10941 6
11040 6
11085 6
11340 6
11634 6
11754 6
12048 6
12102 6
12174 6
12180 6
12318 6
12447 6
12471 6
13422 6
14178 6
14217 6
14265 6
14823 6
14871 6
14919 6
15252 6
15297 6
15912 6
15960 6
15981 6
16101 6
16416 6
16437 6
16461 6
16680 6
16728 6
16776 6
16782 6
16812 6
16821 6
17181 6
17244 6
17670 6
17922 6
17985 6
18237 6
18753 6
18759 6
19017 6
19026 6
19197 6
20205 6
20217 6
20220 6
20223 6
20250 6
20307 6
20634 6
21255 6
21405 6
21801 6
22101 6
22299 6
22557 6
23346 6
23616 6
23706 6
26163 6
26709 6
27888 6
27990 6
297 5
474 5
669 5
690 5
705 5
795 5
801 5
900 5
990 5
1020 5
1023 5
1029 5
1620 5
34464 5
1764 5
1845 5
1881 5
1971 5
1989 5
2013 5
2079 5
2118 5
2184 5
2265 5
2295 5
2331 5
2391 5
2424 5
2499 5
2616 5
2673 5
2712 5
2721 5
2724 5
35547 5
2787 5
2814 5
35649 5
2922 5
2970 5
3006 5
3120 5
3123 5
3135 5
3150 5
3162 5
3177 5
3192 5
3243 5
3324 5
3333 5
3435 5
3495 5
3561 5
3567 5
3570 5
3588 5
3618 5
3705 5
3729 5
3795 5
4008 5
4233 5
4254 5
4284 5
4308 5
4314 5
4317 5
4368 5
4380 5
4509 5
4539 5
4548 5
4563 5
4566 5
4671 5
4770 5
4821 5
4851 5
5313 5
5340 5
5691 5
5700 5
5952 5
5988 5
6066 5
6126 5
6168 5
6180 5
6213 5
6324 5
6582 5
6657 5
6687 5
6798 5
6873 5
6903 5
6942 5
7092 5
7107 5
7131 5
7170 5
7197 5
7215 5
7227 5
7236 5
7395 5
7443 5
7446 5
7530 5
7554 5
7578 5
7584 5
7611 5
7674 5
7728 5
7737 5
7779 5
7794 5
7812 5
7968 5
7977 5
7992 5
8034 5
8040 5
8103 5
8319 5
8358 5
8364 5
8469 5
8511 5
8589 5
8943 5
9024 5
9147 5
9183 5
9276 5
9291 5
9357 5
9579 5
9636 5
9918 5
9933 5
9969 5
9972 5
9984 5
10338 5
10476 5
10521 5
10623 5
10647 5
10689 5
10719 5
10884 5
10953 5
11049 5
11109 5
11196 5
11199 5
11346 5
11352 5
11379 5
11997 5
12165 5
12192 5
12195 5
12258 5
12327 5
12339 5
12363 5
12747 5
12786 5
12945 5
12951 5
12993 5
12999 5
13161 5
13203 5
13884 5
14055 5
14235 5
14262 5
14268 5
14637 5
14847 5
15114 5
15165 5
15201 5
15282 5
15456 5
15942 5
16191 5
16632 5
16656 5
16674 5
16755 5
16788 5
17187 5
17442 5
17487 5
18000 5
18567 5
18714 5
18717 5
18720 5
18756 5
19125 5
19152 5
19194 5
19206 5
19284 5
19290 5
19581 5
19731 5
19848 5
20244 5
20253 5
20277 5
20286 5
20643 5
20931 5
21117 5
21336 5
21534 5
21582 5
22212 5
22422 5
22743 5
23043 5
23592 5
23610 5
23613 5
23643 5
23670 5
23808 5
24426 5
24810 5
25071 5
25647 5
25848 5
26013 5
26019 5
26031 5
26034 5
26049 5
26217 5
26388 5
26391 5
26454 5
26526 5
27072 5
27753 5
28611 5
29616 5
29883 5
96 4
150 4
231 4
282 4
330 4
534 4
567 4
600 4
693 4
699 4
729 4
774 4
909 4
1131 4
1200 4
1227 4
1230 4
1251 4
1257 4
1311 4
1329 4
1335 4
1404 4
1482 4
1488 4
1491 4
1539 4
1545 4
1599 4
1611 4
1674 4
1761 4
1830 4
1857 4
1896 4
1947 4
1998 4
2190 4
2199 4
2316 4
2322 4
2379 4
2457 4
2478 4
2481 4
35262 4
2505 4
35283 4
2517 4
2553 4
2661 4
2757 4
2763 4
2784 4
2913 4
2919 4
2928 4
2973 4
3105 4
3132 4
3165 4
3183 4
3186 4
3363 4
36135 4
3381 4
3384 4
3489 4
3528 4
3546 4
3639 4
3711 4
3726 4
4002 4
4083 4
4143 4
4146 4
4215 4
4263 4
4413 4
4476 4
4584 4
4614 4
4623 4
4626 4
4644 4
4707 4
4713 4
4818 4
4866 4
5001 4
5067 4
5091 4
5103 4
5163 4
5178 4
5187 4
5235 4
5265 4
5280 4
5292 4
5307 4
5334 4
5355 4
5358 4
5379 4
5385 4
5421 4
5427 4
5433 4
5556 4
5586 4
5649 4
5652 4
5661 4
5736 4
5754 4
5793 4
5796 4
5838 4
5874 4
5919 4
5946 4
5964 4
5985 4
5997 4
6003 4
6090 4
6105 4
6117 4
6120 4
6129 4
6177 4
6216 4
6225 4
6303 4
6414 4
6513 4
6702 4
6738 4
6816 4
6870 4
6924 4
6948 4
6951 4
7014 4
7260 4
7284 4
7311 4
7344 4
7353 4
7416 4
7440 4
7455 4
7506 4
7509 4
7533 4
7662 4
7665 4
7668 4
7680 4
7761 4
7956 4
7974 4
7980 4
7989 4
8010 4
8046 4
8085 4
8160 4
8169 4
8193 4
8271 4
8325 4
8394 4
8478 4
8514 4
8715 4
8736 4
8748 4
8760 4
9021 4
9102 4
9153 4
9165 4
9216 4
9228 4
9231 4
9297 4
9321 4
9330 4
9375 4
9477 4
9501 4
9510 4
9561 4
9891 4
9915 4
10305 4
10341 4
10524 4
10707 4
10710 4
10716 4
10797 4
10881 4
10902 4
11058 4
11076 4
11121 4
11178 4
11217 4
11229 4
11259 4
11301 4
11325 4
11337 4
11370 4
11385 4
11430 4
11526 4
11607 4
11619 4
11625 4
11637 4
11667 4
11694 4
11712 4
11811 4
11931 4
11985 4
11991 4
12015 4
12084 4
12090 4
12201 4
12294 4
12450 4
12456 4
12903 4
13113 4
13116 4
13143 4
13194 4
13413 4
13569 4
13578 4
13812 4
13905 4
13914 4
13974 4
13977 4
14043 4
14073 4
14112 4
14301 4
14334 4
14346 4
14358 4
14421 4
14499 4
14550 4
14580 4
14676 4
14880 4
14886 4
15120 4
15141 4
15225 4
15285 4
15366 4
15417 4
15522 4
15579 4
15693 4
15705 4
15969 4
16017 4
16098 4
16122 4
16203 4
16377 4
16494 4
16659 4
16683 4
16719 4
16725 4
16752 4
16761 4
16773 4
16929 4
17043 4
17085 4
17100 4
17112 4
17115 4
17160 4
17253 4
17262 4
17271 4
17283 4
17421 4
17457 4
17541 4
17565 4
17706 4
17727 4
17817 4
17904 4
17925 4
17943 4
18279 4
18654 4
18723 4
19179 4
19260 4
19362 4
19764 4
20031 4
20346 4
20610 4
20619 4
20820 4
20853 4
20940 4
20943 4
20988 4
20991 4
20997 4
21447 4
21504 4
21528 4
21675 4
21933 4
21963 4
22014 4
22029 4
22230 4
22254 4
22599 4
22659 4
22668 4
22857 4
22896 4
22908 4
23022 4
23370 4
23379 4
23385 4
23418 4
23517 4
23676 4
23682 4
23700 4
23868 4
23997 4
24036 4
24063 4
24153 4
24357 4
24519 4
24753 4
24966 4
25080 4
25089 4
25593 4
25650 4
25791 4
26010 4
26016 4
26028 4
26061 4
26142 4
26214 4
26220 4
26325 4
26328 4
26430 4
26502 4
26529 4
26832 4
26985 4
27090 4
27150 4
27360 4
27735 4
27876 4
27900 4
27906 4
27972 4
28638 4
29619 4
29625 4
30327 4
30438 4
21 3
60 3
189 3
204 3
32988 3
276 3
327 3
348 3
405 3
33207 3
33315 3
33372 3
609 3
663 3
825 3
33705 3
978 3
1155 3
1254 3
1287 3
1299 3
1344 3
1347 3
1416 3
1467 3
1542 3
34353 3
1593 3
1596 3
1635 3
34467 3
1746 3
1749 3
1776 3
1785 3
1860 3
1908 3
2064 3
2073 3
2094 3
34905 3
2148 3
2175 3
2178 3
34977 3
34980 3
35001 3
2292 3
35061 3
35115 3
2397 3
2427 3
2433 3
35208 3
2442 3
2454 3
2475 3
2484 3
35298 3
35322 3
2598 3
2694 3
2799 3
35646 3
2883 3
35652 3
35679 3
35682 3
2925 3
2934 3
35718 3
2952 3
35721 3
35724 3
35727 3
35739 3
2976 3
35745 3
2979 3
2982 3
2988 3
2991 3
3051 3
3063 3
3072 3
3099 3
3114 3
3156 3
3180 3
3210 3
36072 3
36078 3
3336 3
3366 3
36150 3
3390 3
3396 3
3405 3
3621 3
3672 3
3699 3
3723 3
36597 3
3870 3
3894 3
3900 3
3942 3
3951 3
3990 3
4014 3
4038 3
4095 3
4260 3
4287 3
4329 3
4503 3
4536 3
4587 3
4590 3
4647 3
4698 3
4722 3
4731 3
4734 3
4776 3
4794 3
4824 3
4830 3
4833 3
4869 3
4887 3
4896 3
4908 3
4920 3
4977 3
5028 3
5049 3
5100 3
5184 3
5190 3
5250 3
5346 3
5397 3
5436 3
5463 3
5472 3
5481 3
5484 3
5487 3
5511 3
5550 3
5634 3
5673 3
5703 3
5709 3
5772 3
5823 3
5829 3
5850 3
5901 3
5916 3
5955 3
6192 3
6204 3
6249 3
6336 3
6342 3
6363 3
6366 3
6420 3
6465 3
6495 3
6501 3
6522 3
6552 3
6561 3
6567 3
6684 3
6789 3
6792 3
6795 3
6807 3
6819 3
6927 3
6999 3
7149 3
7158 3
7161 3
7209 3
7272 3
7275 3
7278 3
7323 3
7389 3
7407 3
7434 3
7458 3
7464 3
7479 3
7722 3
7743 3
7785 3
7803 3
7842 3
7893 3
7953 3
7983 3
8013 3
8019 3
8049 3
8064 3
8106 3
8130 3
8166 3
8235 3
8238 3
8286 3
8310 3
8331 3
8388 3
8484 3
8568 3
8571 3
8583 3
8670 3
8703 3
8709 3
8718 3
8787 3
8856 3
8970 3
8982 3
8985 3
8994 3
9015 3
9114 3
9123 3
9252 3
9294 3
9309 3
9327 3
9336 3
9342 3
9348 3
9354 3
9366 3
9390 3
9549 3
9645 3
9648 3
9786 3
9819 3
9822 3
9867 3
9897 3
9906 3
9951 3
9978 3
10038 3
10053 3
10065 3
10176 3
10200 3
10203 3
10245 3
10317 3
10350 3
10353 3
10434 3
10470 3
10506 3
10539 3
10542 3
10560 3
10596 3
10611 3
10641 3
10683 3
10695 3
10722 3
10734 3
10758 3
10761 3
10806 3
10905 3
10962 3
11007 3
11028 3
11031 3
11043 3
11055 3
11061 3
11088 3
11115 3
11130 3
11172 3
11187 3
11205 3
11238 3
11271 3
11286 3
11289 3
11304 3
11310 3
11358 3
11367 3
11388 3
11409 3
11418 3
11547 3
11640 3
11655 3
11670 3
11688 3
11877 3
11922 3
11925 3
11937 3
11967 3
12129 3
12138 3
12150 3
12288 3
12321 3
12330 3
12342 3
12354 3
12381 3
12432 3
12675 3
12744 3
12867 3
12960 3
12981 3
13080 3
13122 3
13131 3
13149 3
13152 3
13191 3
13206 3
13245 3
13713 3
13716 3
13746 3
13758 3
13773 3
13800 3
13836 3
13866 3
13923 3
13929 3
13980 3
14037 3
14049 3
14067 3
14232 3
14256 3
14355 3
14388 3
14427 3
14442 3
14472 3
14508 3
14559 3
14625 3
14631 3
14682 3
14694 3
14703 3
14811 3
14844 3
14883 3
14901 3
14925 3
14943 3
14952 3
14976 3
14988 3
15003 3
15006 3
15021 3
15027 3
15078 3
15087 3
15138 3
15195 3
15228 3
15231 3
15261 3
15279 3
15369 3
15396 3
15399 3
15498 3
15525 3
15591 3
15708 3
15888 3
15915 3
15927 3
15945 3
15990 3
16026 3
16035 3
16041 3
16044 3
16080 3
16086 3
16113 3
16116 3
16224 3
16242 3
16317 3
16338 3
16407 3
16419 3
16449 3
16473 3
16491 3
16500 3
16506 3
16515 3
16527 3
16533 3
16617 3
16620 3
16635 3
16665 3
16716 3
16731 3
16734 3
16740 3
16758 3
16764 3
16779 3
16839 3
16845 3
16971 3
16998 3
17013 3
17040 3
17046 3
17052 3
17079 3
17082 3
17097 3
17124 3
17130 3
17136 3
17139 3
17145 3
17199 3
17214 3
17226 3
17259 3
17265 3
17274 3
17289 3
17319 3
17328 3
17343 3
17370 3
17373 3
17379 3
17403 3
17439 3
17478 3
17511 3
17520 3
17529 3
17553 3
17577 3
17607 3
17679 3
17694 3
17697 3
17712 3
17814 3
17832 3
17895 3
17940 3
18009 3
18033 3
18123 3
18288 3
18375 3
18420 3
18450 3
18456 3
18465 3
18531 3
18591 3
18606 3
18612 3
18645 3
19113 3
19143 3
19161 3
19185 3
19200 3
19266 3
19269 3
19314 3
19329 3
19332 3
19422 3
19470 3
19482 3
19548 3
19566 3
19575 3
19602 3
19647 3
19656 3
19659 3
19983 3
20226 3
20229 3
20238 3
20256 3
20274 3
20280 3
20298 3
20334 3
20343 3
20382 3
20472 3
20475 3
20613 3
20760 3
20847 3
20919 3
20952 3
20958 3
20967 3
21066 3
21099 3
21126 3
21129 3
21159 3
21339 3
21396 3
21468 3
21510 3
21609 3
21663 3
21681 3
21765 3
22032 3
22077 3
22152 3
22170 3
22182 3
22227 3
22239 3
22263 3
22311 3
22398 3
22407 3
22413 3
22416 3
22440 3
22485 3
22488 3
22500 3
22569 3
22611 3
22761 3
22944 3
23016 3
23019 3
23028 3
23064 3
23091 3
23124 3
23262 3
23325 3
23343 3
23361 3
23394 3
23436 3
23445 3
23505 3
23520 3
23625 3
23673 3
23715 3
23748 3
23775 3
23811 3
23925 3
23946 3
23976 3
23991 3
23994 3
24102 3
24114 3
24141 3
24183 3
24186 3
24351 3
24369 3
24492 3
24621 3
24624 3
24693 3
24780 3
24786 3
24819 3
24825 3
24828 3
24954 3
24999 3
25074 3
25083 3
25092 3
25164 3
25302 3
25308 3
25320 3
25488 3
25587 3
25602 3
25605 3
25776 3
25803 3
25839 3
25845 3
25854 3
25869 3
26067 3
26277 3
26322 3
26337 3
26340 3
26343 3
26499 3
26538 3
26676 3
26856 3
26883 3
26940 3
26961 3
27036 3
27039 3
27042 3
27108 3
27126 3
27174 3
27177 3
27180 3
27210 3
27225 3
27258 3
27273 3
27330 3
27351 3
27534 3
27744 3
27759 3
27789 3
27810 3
27867 3
27870 3
27921 3
28005 3
28509 3
28515 3
28614 3
28617 3
28623 3
28677 3
28719 3
28794 3
28821 3
28932 3
28974 3
29067 3
29070 3
29109 3
29283 3
29454 3
29622 3
29700 3
29790 3
29805 3
29889 3
29892 3
30501 3
30552 3
30918 3
32676 3
15 2
42 2
117 2
129 2
135 2
159 2
32982 2
32991 2
237 2
270 2
33087 2
33090 2
33093 2
333 2
33102 2
33105 2
33108 2
33123 2
363 2
369 2
387 2
33156 2
33159 2
33177 2
33180 2
33198 2
435 2
468 2
483 2
33264 2
33285 2
33339 2
33342 2
33345 2
33384 2
33387 2
33429 2
33432 2
759 2
33564 2
834 2
33687 2
921 2
33690 2
33693 2
975 2
981 2
1005 2
1047 2
1065 2
33954 2
33966 2
33969 2
34014 2
34017 2
1269 2
34104 2
1356 2
34125 2
34128 2
1377 2
34164 2
34167 2
1437 2
1449 2
1500 2
1503 2
1521 2
1533 2
1563 2
1587 2
34356 2
1632 2
34404 2
1659 2
1677 2
34497 2
1755 2
1770 2
1812 2
1818 2
34596 2
34599 2
34602 2
1839 2
34641 2
34644 2
34647 2
1887 2
34683 2
1923 2
1938 2
34743 2
34746 2
1995 2
2028 2
34815 2
34818 2
2085 2
2106 2
2115 2
2121 2
2136 2
34908 2
2145 2
34917 2
34938 2
2217 2
34998 2
2274 2
2286 2
35058 2
2310 2
2313 2
35091 2
35094 2
2355 2
2364 2
2373 2
2376 2
2394 2
2400 2
2403 2
2406 2
2412 2
2415 2
2418 2
2448 2
2451 2
2460 2
2526 2
35316 2
35319 2
2562 2
35334 2
35337 2
2607 2
35427 2
2676 2
2727 2
2739 2
35550 2
35643 2
2892 2
2898 2
35670 2
2961 2
2964 2
2967 2
35736 2
35748 2
35757 2
3012 2
35811 2
35814 2
3069 2
3078 2
3087 2
35856 2
35898 2
3168 2
3201 2
35973 2
35976 2
3225 2
35997 2
3249 2
3252 2
3273 2
3279 2
3312 2
36081 2
3360 2
3372 2
3408 2
3444 2
3453 2
3462 2
36243 2
3498 2
3516 2
36291 2
3552 2
3585 2
3594 2
36381 2
3633 2
3645 2
3666 2
3732 2
3771 2
3798 2
3828 2
3831 2
3843 2
36612 2
3864 2
36636 2
36639 2
3885 2
3903 2
3948 2
3963 2
3975 2
4023 2
4026 2
4041 2
4068 2
4122 2
4134 2
4188 2
4194 2
4242 2
4251 2
4269 2
4311 2
4338 2
4341 2
4350 2
4359 2
4389 2
4401 2
4410 2
4470 2
4479 2
4482 2
4485 2
4494 2
4500 2
4533 2
4575 2
4650 2
4710 2
4725 2
4743 2
4773 2
4785 2
4860 2
4872 2
4893 2
4899 2
4902 2
4911 2
4917 2
4923 2
4926 2
4929 2
4938 2
4959 2
5025 2
5073 2
5112 2
5133 2
5136 2
5139 2
5154 2
5160 2
5175 2
5241 2
5247 2
5283 2
5304 2
5328 2
5349 2
5364 2
5373 2
5388 2
5403 2
5409 2
5439 2
5448 2
5454 2
5493 2
5502 2
5526 2
5529 2
5535 2
5538 2
5562 2
5574 2
5640 2
5643 2
5655 2
5664 2
5679 2
5688 2
5694 2
5697 2
5712 2
5718 2
5781 2
5802 2
5826 2
5832 2
5844 2
5877 2
5880 2
5892 2
5934 2
5937 2
5949 2
5961 2
6060 2
6075 2
6114 2
6135 2
6141 2
6165 2
6234 2
6243 2
6252 2
6261 2
6267 2
6270 2
6282 2
6294 2
6312 2
6321 2
6354 2
6390 2
6399 2
6459 2
6507 2
6540 2
6543 2
6576 2
6591 2
6597 2
6600 2
6606 2
6615 2
6663 2
6666 2
6696 2
6741 2
6744 2
6750 2
6768 2
6879 2
6882 2
6897 2
6972 2
6981 2
6993 2
7023 2
7116 2
7122 2
7125 2
7206 2
7212 2
7221 2
7230 2
7245 2
7266 2
7293 2
7299 2
7314 2
7329 2
7335 2
7350 2
7356 2
7362 2
7368 2
7374 2
7404 2
7431 2
7461 2
7488 2
7557 2
7563 2
7566 2
7572 2
7593 2
7605 2
7614 2
7617 2
7623 2
7632 2
7656 2
7698 2
7710 2
7740 2
7764 2
7833 2
7845 2
7854 2
7869 2
7890 2
7899 2
7923 2
7932 2
7944 2
7995 2
8043 2
8052 2
8055 2
8061 2
8118 2
8121 2
8142 2
8175 2
8205 2
8214 2
8217 2
8247 2
8253 2
8346 2
8349 2
8361 2
8397 2
8400 2
8406 2
8412 2
8421 2
8430 2
8439 2
8457 2
8463 2
8496 2
8649 2
8700 2
8724 2
8739 2
8742 2
8745 2
8754 2
8793 2
8850 2
8871 2
8904 2
8952 2
8955 2
9060 2
9078 2
9105 2
9117 2
9120 2
9144 2
9156 2
9171 2
9186 2
9258 2
9267 2
9285 2
9288 2
9303 2
9306 2
9393 2
9420 2
9426 2
9444 2
9513 2
9528 2
9537 2
9567 2
9588 2
9603 2
9618 2
9624 2
9627 2
9642 2
9768 2
9801 2
9804 2
9828 2
9837 2
9870 2
9894 2
9903 2
9912 2
9927 2
9954 2
9957 2
9960 2
9963 2
10017 2
10020 2
10035 2
10041 2
10050 2
10086 2
10110 2
10152 2
10179 2
10185 2
10209 2
10344 2
10347 2
10356 2
10416 2
10440 2
10473 2
10488 2
10509 2
10533 2
10536 2
10587 2
10605 2
10731 2
10743 2
10752 2
10755 2
10791 2
10800 2
10851 2
10854 2
10863 2
10866 2
10875 2
10890 2
10896 2
10899 2
10935 2
10944 2
11067 2
11073 2
11079 2
11082 2
11091 2
11097 2
11103 2
11127 2
11181 2
11193 2
11202 2
11220 2
11232 2
11247 2
11256 2
11262 2
11283 2
11307 2
11319 2
11361 2
11376 2
11382 2
11391 2
11397 2
11469 2
11493 2
11511 2
11514 2
11517 2
11604 2
11616 2
11622 2
11664 2
11676 2
11679 2
11700 2
11718 2
11748 2
11751 2
11769 2
11799 2
11802 2
11805 2
11808 2
11814 2
11820 2
11832 2
11868 2
11904 2
11934 2
11940 2
11955 2
11958 2
11964 2
11970 2
11976 2
12009 2
12039 2
12054 2
12087 2
12099 2
12108 2
12111 2
12123 2
12135 2
12144 2
12153 2
12156 2
12189 2
12198 2
12204 2
12246 2
12252 2
12270 2
12279 2
12282 2
12285 2
12300 2
12333 2
12348 2
12384 2
12465 2
12594 2
12606 2
12690 2
12774 2
12783 2
12792 2
12819 2
12888 2
12897 2
12927 2
13008 2
13038 2
13059 2
13104 2
13107 2
13125 2
13146 2
13167 2
13221 2
13242 2
13260 2
13266 2
13269 2
13293 2
13320 2
13326 2
13404 2
13656 2
13662 2
13668 2
13671 2
13680 2
13719 2
13761 2
13764 2
13770 2
13791 2
13797 2
13899 2
14028 2
14031 2
14040 2
14052 2
14097 2
14106 2
14115 2
14124 2
14130 2
14169 2
14247 2
14274 2
14292 2
14304 2
14328 2
14376 2
14382 2
14394 2
14415 2
14436 2
14517 2
14526 2
14571 2
14577 2
14646 2
14673 2
14688 2
14700 2
14751 2
14805 2
14814 2
14817 2
14820 2
14865 2
14889 2
14892 2
14907 2
14937 2
14973 2
14985 2
14991 2
14994 2
14997 2
15024 2
15036 2
15057 2
15105 2
15108 2
15126 2
15144 2
15180 2
15219 2
15222 2
15240 2
15267 2
15270 2
15300 2
15321 2
15357 2
15420 2
15438 2
15444 2
15465 2
15507 2
15621 2
15639 2
15642 2
15678 2
15819 2
15837 2
15918 2
15936 2
15948 2
15954 2
15957 2
15963 2
15966 2
16008 2
16011 2
16014 2
16050 2
16062 2
16065 2
16068 2
16071 2
16074 2
16083 2
16089 2
16179 2
16182 2
16185 2
16188 2
16197 2
16209 2
16227 2
16236 2
16245 2
16287 2
16299 2
16305 2
16311 2
16314 2
16350 2
16371 2
16380 2
16383 2
16392 2
16422 2
16455 2
16464 2
16467 2
16470 2
16485 2
16497 2
16518 2
16548 2
16563 2
16566 2
16611 2
16698 2
16704 2
16722 2
16743 2
16746 2
16749 2
16767 2
16791 2
16794 2
16803 2
16848 2
16854 2
16863 2
16878 2
16887 2
16890 2
16944 2
17007 2
17025 2
17064 2
17118 2
17127 2
17133 2
17142 2
17148 2
17154 2
17163 2
17166 2
17169 2
17178 2
17184 2
17190 2
17202 2
17205 2
17208 2
17211 2
17220 2
17229 2
17277 2
17280 2
17295 2
17322 2
17325 2
17352 2
17361 2
17367 2
17388 2
17391 2
17412 2
17433 2
17445 2
17481 2
17514 2
17523 2
17532 2
17550 2
17562 2
17574 2
17580 2
17592 2
17604 2
17622 2
17631 2
17637 2
17643 2
17655 2
17658 2
17661 2
17703 2
17709 2
17718 2
17730 2
17739 2
17769 2
17772 2
17820 2
17838 2
17889 2
17934 2
17937 2
17949 2
17976 2
17982 2
18018 2
18030 2
18099 2
18102 2
18111 2
18129 2
18138 2
18150 2
18192 2
18213 2
18243 2
18252 2
18258 2
18387 2
18399 2
18441 2
18462 2
18477 2
18600 2
18618 2
18621 2
18639 2
18648 2
18669 2
18675 2
18687 2
18708 2
18732 2
18741 2
18762 2
18765 2
18774 2
18786 2
18810 2
18834 2
18852 2
18912 2
18954 2
18990 2
18999 2
19002 2
19005 2
19122 2
19131 2
19134 2
19137 2
19149 2
19164 2
19176 2
19182 2
19203 2
19215 2
19230 2
19248 2
19257 2
19287 2
19293 2
19305 2
19311 2
19320 2
19326 2
19374 2
19395 2
19464 2
19485 2
19491 2
19545 2
19578 2
19593 2
19665 2
19677 2
19686 2
19692 2
19710 2
19719 2
19749 2
19761 2
19827 2
19833 2
19836 2
19869 2
19872 2
19893 2
19926 2
19947 2
19950 2
19962 2
20007 2
20103 2
20133 2
20169 2
20193 2
20214 2
20259 2
20283 2
20292 2
20295 2
20301 2
20316 2
20328 2
20349 2
20352 2
20370 2
20376 2
20379 2
20385 2
20400 2
20439 2
20448 2
20478 2
20652 2
20661 2
20745 2
20748 2
20817 2
20841 2
20892 2
20922 2
20937 2
20946 2
20955 2
20970 2
20985 2
20994 2
21027 2
21108 2
21189 2
21198 2
21204 2
21249 2
21252 2
21258 2
21306 2
21324 2
21327 2
21330 2
21345 2
21390 2
21411 2
21414 2
21429 2
21459 2
21462 2
21471 2
21516 2
21558 2
21579 2
21606 2
21624 2
21678 2
21705 2
21708 2
21726 2
21741 2
21744 2
21747 2
21759 2
21786 2
21798 2
21828 2
21861 2
21879 2
21918 2
21930 2
21975 2
22011 2
22020 2
22053 2
22056 2
22059 2
22071 2
22122 2
22125 2
22128 2
22167 2
22191 2
22194 2
22203 2
22206 2
22215 2
22218 2
22221 2
22245 2
22251 2
22305 2
22317 2
22320 2
22323 2
22326 2
22329 2
22332 2
22341 2
22347 2
22356 2
22377 2
22401 2
22404 2
22428 2
22464 2
22494 2
22497 2
22521 2
22578 2
22605 2
22650 2
22731 2
22749 2
22764 2
22869 2
22875 2
22926 2
22980 2
22983 2
23013 2
23181 2
23205 2
23283 2
23286 2
23295 2
23322 2
23337 2
23367 2
23388 2
23391 2
23397 2
23400 2
23415 2
23433 2
23439 2
23448 2
23475 2
23574 2
23598 2
23601 2
23628 2
23631 2
23634 2
23640 2
23667 2
23709 2
23727 2
23736 2
23751 2
23757 2
23790 2
23796 2
23799 2
23802 2
23826 2
23829 2
23841 2
23850 2
23883 2
23886 2
23892 2
23913 2
23919 2
23985 2
24030 2
24054 2
24060 2
24066 2
24072 2
24099 2
24105 2
24120 2
24126 2
24132 2
24150 2
24159 2
24204 2
24219 2
24222 2
24243 2
24309 2
24321 2
24363 2
24387 2
24429 2
24468 2
24483 2
24498 2
24573 2
24594 2
24600 2
24618 2
24660 2
24708 2
24717 2
24723 2
24744 2
24759 2
24762 2
24783 2
24804 2
24813 2
24831 2
24834 2
24837 2
24840 2
24846 2
24849 2
24864 2
24867 2
24870 2
24900 2
24906 2
24948 2
24951 2
24957 2
24969 2
24987 2
25014 2
25023 2
25026 2
25146 2
25335 2
25458 2
25518 2
25524 2
25539 2
25569 2
25575 2
25611 2
25629 2
25761 2
25767 2
25794 2
25926 2
25932 2
25998 2
26001 2
26043 2
26046 2
26058 2
26064 2
26070 2
26073 2
26079 2
26082 2
26181 2
26274 2
26355 2
26358 2
26448 2
26487 2
26505 2
26517 2
26520 2
26532 2
26583 2
26637 2
26664 2
26721 2
26724 2
26742 2
26853 2
26886 2
26889 2
26913 2
26943 2
26958 2
26964 2
26997 2
27003 2
27006 2
27018 2
27030 2
27033 2
27051 2
27057 2
27060 2
27063 2
27066 2
27078 2
27081 2
27084 2
27096 2
27147 2
27168 2
27171 2
27183 2
27192 2
27207 2
27216 2
27237 2
27240 2
27252 2
27267 2
27270 2
27300 2
27306 2
27324 2
27333 2
27342 2
27345 2
27357 2
27372 2
27567 2
27630 2
27729 2
27732 2
27738 2
27741 2
27756 2
27762 2
27792 2
27795 2
27798 2
27801 2
27804 2
27807 2
27816 2
27882 2
27885 2
27915 2
27924 2
27957 2
27963 2
27966 2
27969 2
27975 2
27981 2
27984 2
27987 2
27993 2
28014 2
28041 2
28107 2
28110 2
28131 2
28140 2
28143 2
28146 2
28191 2
28443 2
28539 2
28542 2
28563 2
28572 2
28587 2
28599 2
28644 2
28647 2
28662 2
28692 2
28704 2
28722 2
28725 2
28731 2
28791 2
28809 2
28818 2
28878 2
28914 2
29016 2
29040 2
29055 2
29058 2
29085 2
29142 2
29151 2
29175 2
29262 2
29358 2
29463 2
29469 2
29472 2
29484 2
29553 2
29562 2
29598 2
29601 2
29613 2
29631 2
29637 2
29655 2
29658 2
29673 2
29697 2
29709 2
29727 2
29763 2
29787 2
29799 2
29808 2
29811 2
29826 2
29835 2
29838 2
29886 2
29895 2
30087 2
30243 2
30372 2
30381 2
30387 2
30390 2
30396 2
30399 2
30423 2
30426 2
30444 2
30477 2
30513 2
30597 2
30834 2
30861 2
30996 2
31404 2
31407 2
31410 2
31428 2
31599 2
32166 2
32739 2
32745 2
3 1
6 1
32784 1
18 1
32814 1
32817 1
32820 1
32823 1
32826 1
32829 1
32832 1
32835 1
69 1
32841 1
32844 1
32847 1
105 1
32877 1
32880 1
120 1
32898 1
32916 1
162 1
32943 1
32946 1
32952 1
201 1
210 1
216 1
222 1
32994 1
33003 1
33015 1
33018 1
33024 1
258 1
33027 1
33036 1
33039 1
285 1
33054 1
33057 1
294 1
33063 1
33066 1
33069 1
303 1
33072 1
33075 1
33084 1
321 1
33111 1
33114 1
33117 1
351 1
33120 1
33129 1
366 1
33135 1
33138 1
33141 1
33150 1
33153 1
33165 1
33168 1
411 1
414 1
33195 1
432 1
453 1
33261 1
33267 1
33276 1
33282 1
33288 1
33291 1
33303 1
33306 1
33318 1
33321 1
33324 1
33330 1
33333 1
33369 1
33375 1
33378 1
33390 1
33393 1
33396 1
33414 1
33417 1
33435 1
33438 1
33441 1
33456 1
33459 1
33462 1
33465 1
33468 1
702 1
33471 1
33474 1
33477 1
33480 1
33483 1
33486 1
33489 1
33492 1
33495 1
33498 1
33501 1
33504 1
738 1
33507 1
33510 1
33513 1
33516 1
750 1
33519 1
33522 1
33525 1
33528 1
33531 1
765 1
33534 1
33537 1
33540 1
33543 1
33546 1
33549 1
33552 1
33555 1
33558 1
33561 1
33567 1
33570 1
33573 1
33576 1
33579 1
33582 1
33585 1
33588 1
33591 1
33594 1
33597 1
831 1
33600 1
33603 1
33606 1
840 1
33609 1
33612 1
846 1
33678 1
912 1
33681 1
927 1
942 1
33711 1
33714 1
33732 1
966 1
33744 1
33747 1
993 1
996 1
999 1
1002 1
33771 1
33774 1
33777 1
33780 1
1014 1
33795 1
33804 1
1062 1
33858 1
33861 1
33879 1
33885 1
33888 1
33891 1
33894 1
33900 1
33903 1
33906 1
33909 1
33912 1
33915 1
33918 1
33921 1
33924 1
33927 1
33930 1
33933 1
33936 1
33939 1
33942 1
33963 1
33975 1
33993 1
33996 1
34020 1
34023 1
34026 1
1260 1
1263 1
34032 1
1266 1
34035 1
1272 1
34041 1
1275 1
34044 1
1278 1
1281 1
1284 1
34071 1
34074 1
34077 1
34080 1
34089 1
34092 1
34098 1
34101 1
34107 1
34131 1
34137 1
34140 1
1383 1
1407 1
1452 1
34230 1
34233 1
1473 1
1494 1
1509 1
1530 1
1554 1
1575 1
34344 1
34347 1
1581 1
34350 1
1590 1
34368 1
1614 1
34383 1
1617 1
34392 1
34401 1
34413 1
1650 1
34431 1
34440 1
34443 1
1680 1
34449 1
34452 1
34455 1
34458 1
1698 1
1722 1
34494 1
1731 1
34500 1
34503 1
34506 1
34536 1
34539 1
1773 1
34545 1
34548 1
34551 1
34554 1
1791 1
34563 1
34566 1
34590 1
34593 1
34608 1
34611 1
1848 1
34620 1
1854 1
34623 1
34635 1
1872 1
34650 1
34653 1
34656 1
34659 1
34662 1
34665 1
1905 1
34674 1
34677 1
34680 1
34686 1
1920 1
34689 1
34692 1
34695 1
34698 1
34701 1
34704 1
34707 1
34710 1
34713 1
34716 1
34719 1
34722 1
34725 1
1959 1
1965 1
1974 1
1977 1
34749 1
1986 1
1992 1
34764 1
34773 1
2007 1
34788 1
34791 1
34797 1
34803 1
34821 1
34824 1
34827 1
34830 1
34833 1
2067 1
34839 1
34854 1
2097 1
34878 1
2112 1
34881 1
34884 1
34890 1
34914 1
34923 1
34926 1
34932 1
2169 1
2187 1
2193 1
34962 1
2196 1
34965 1
2214 1
34983 1
34986 1
34989 1
2223 1
34992 1
2226 1
34995 1
35004 1
35007 1
35010 1
35013 1
2247 1
2259 1
35031 1
35046 1
2280 1
2283 1
35052 1
35055 1
2289 1
35064 1
2301 1
35070 1
2304 1
2307 1
2319 1
2325 1
35100 1
2334 1
35103 1
2340 1
2343 1
2346 1
2349 1
35118 1
2352 1
35121 1
2358 1
2361 1
2370 1
2388 1
2409 1
35187 1
2421 1
35190 1
35196 1
2439 1
35211 1
2445 1
35220 1
35229 1
2463 1
2466 1
35244 1
35253 1
35256 1
2490 1
35280 1
35286 1
35295 1
2532 1
35307 1
35313 1
35325 1
35355 1
35358 1
35373 1
35382 1
35385 1
35388 1
35397 1
2634 1
35424 1
2658 1
2685 1
2691 1
2709 1
35490 1
35493 1
35496 1
35499 1
35502 1
35514 1
35517 1
35544 1
2778 1
35562 1
35565 1
35568 1
35571 1
35574 1
35577 1
2823 1
2838 1
2865 1
35637 1
35640 1
2889 1
35664 1
35691 1
35697 1
35700 1
35706 1
35709 1
35715 1
2949 1
2958 1
35730 1
35733 1
35742 1
35751 1
2985 1
2997 1
35769 1
35778 1
35793 1
35802 1
3042 1
35820 1
35832 1
3084 1
3090 1
35859 1
3096 1
35871 1
35880 1
35889 1
35892 1
3126 1
35895 1
35901 1
35904 1
35907 1
35916 1
35958 1
3213 1
35994 1
36000 1
36003 1
36021 1
36024 1
36027 1
3270 1
36039 1
3276 1
3285 1
3291 1
36066 1
36075 1
36084 1
36099 1
3339 1
36108 1
36111 1
36114 1
36120 1
36123 1
36138 1
36141 1
3375 1
36144 1
36147 1
36153 1
36156 1
36159 1
36177 1
3411 1
36180 1
36186 1
3420 1
36189 1
3423 1
3432 1
36201 1
36204 1
3441 1
36216 1
3450 1
36222 1
36225 1
36237 1
36240 1
36246 1
3483 1
36252 1
3492 1
3507 1
36282 1
36285 1
3519 1
36288 1
3525 1
36294 1
36297 1
36300 1
36303 1
36306 1
36309 1
36318 1
36321 1
36330 1
3573 1
3603 1
3606 1
36384 1
36387 1
36390 1
3624 1
36393 1
3630 1
3642 1
3657 1
3684 1
3687 1
3693 1
3717 1
3738 1
3741 1
3750 1
3756 1
3759 1
36528 1
3762 1
36531 1
3765 1
36543 1
36546 1
3789 1
36570 1
3813 1
36585 1
3825 1
36600 1
36603 1
36606 1
3840 1
36609 1
3867 1
3873 1
3882 1
3897 1
36666 1
36675 1
3918 1
36687 1
3936 1
3945 1
3957 1
3960 1
3978 1
3984 1
4020 1
4035 1
4050 1
4053 1
4059 1
4089 1
4116 1
4137 1
4257 1
4290 1
4299 1
4320 1
4326 1
4332 1
4344 1
4347 1
4383 1
4404 1
4431 1
4434 1
4449 1
4458 1
4464 1
4512 1
4554 1
4557 1
4581 1
4602 1
4629 1
4656 1
4662 1
4665 1
4674 1
4749 1
4761 1
4779 1
4782 1
4797 1
4845 1
4848 1
4854 1
4875 1
4905 1
4914 1
4932 1
4935 1
4941 1
4944 1
4950 1
4953 1
4956 1
4962 1
4965 1
4968 1
4971 1
4974 1
4980 1
4986 1
4989 1
4992 1
4998 1
5004 1
5007 1
5037 1
5040 1
5043 1
5109 1
5121 1
5151 1
5229 1
5232 1
5238 1
5262 1
5268 1
5289 1
5298 1
5310 1
5325 1
5337 1
5361 1
5367 1
5370 1
5442 1
5445 1
5457 1
5475 1
5514 1
5532 1
5541 1
5544 1
5547 1
5559 1
5568 1
5571 1
5577 1
5580 1
5583 1
5589 1
5592 1
5595 1
5598 1
5601 1
5604 1
5607 1
5610 1
5613 1
5616 1
5619 1
5622 1
5628 1
5631 1
5646 1
5670 1
5685 1
5706 1
5721 1
5739 1
5751 1
5757 1
5787 1
5817 1
5847 1
5856 1
5859 1
5913 1
5925 1
5931 1
5940 1
5958 1
5967 1
5979 1
5994 1
6006 1
6012 1
6030 1
6039 1
6078 1
6096 1
6147 1
6201 1
6246 1
6264 1
6330 1
6360 1
6387 1
6408 1
6426 1
6441 1
6462 1
6477 1
6480 1
6492 1
6519 1
6525 1
6528 1
6531 1
6534 1
6537 1
6573 1
6585 1
6618 1
6621 1
6627 1
6636 1
6648 1
6672 1
6690 1
6693 1
6699 1
6705 1
6708 1
6714 1
6717 1
6732 1
6753 1
6759 1
6765 1
6804 1
6822 1
6837 1
6849 1
6852 1
6858 1
6885 1
6900 1
6915 1
6936 1
6978 1
6996 1
7002 1
7026 1
7041 1
7044 1
7053 1
7083 1
7086 1
7098 1
7101 1
7104 1
7110 1
7134 1
7137 1
7143 1
7152 1
7164 1
7173 1
7182 1
7185 1
7191 1
7194 1
7224 1
7233 1
7239 1
7242 1
7251 1
7254 1
7257 1
7263 1
7287 1
7290 1
7296 1
7305 1
7317 1
7332 1
7338 1
7341 1
7347 1
7359 1
7365 1
7371 1
7377 1
7380 1
7383 1
7392 1
7413 1
7419 1
7425 1
7449 1
7452 1
7470 1
7473 1
7476 1
7482 1
7485 1
7494 1
7497 1
7500 1
7536 1
7539 1
7569 1
7596 1
7620 1
7626 1
7647 1
7659 1
7671 1
7677 1
7683 1
7689 1
7704 1
7713 1
7716 1
7719 1
7731 1
7752 1
7758 1
7773 1
7776 1
7806 1
7827 1
7830 1
7836 1
7839 1
7857 1
7860 1
7875 1
7878 1
7881 1
7905 1
7920 1
7935 1
7950 1
7959 1
7965 1
7971 1
8007 1
8022 1
8028 1
8037 1
8058 1
8070 1
8076 1
8094 1
8124 1
8157 1
8163 1
8178 1
8202 1
8211 1
8226 1
8229 1
8244 1
8250 1
8256 1
8259 1
8280 1
8316 1
8334 1
8337 1
8343 1
8352 1
8355 1
8367 1
8370 1
8373 1
8382 1
8385 1
8409 1
8415 1
8418 1
8424 1
8427 1
8433 1
8436 1
8445 1
8466 1
8472 1
8505 1
8541 1
8544 1
8640 1
8646 1
8652 1
8658 1
8664 1
8667 1
8673 1
8676 1
8682 1
8712 1
8721 1
8766 1
8790 1
8808 1
8847 1
8892 1
8901 1
8961 1
8973 1
8988 1
8991 1
8997 1
9000 1
9018 1
9030 1
9042 1
9045 1
9081 1
9096 1
9126 1
9138 1
9141 1
9150 1
9159 1
9168 1
9177 1
9180 1
9189 1
9192 1
9195 1
9198 1
9201 1
9204 1
9207 1
9210 1
9213 1
9219 1
9222 1
9234 1
9237 1
9240 1
9243 1
9246 1
9249 1
9264 1
9270 1
9273 1
9279 1
9282 1
9312 1
9315 1
9318 1
9324 1
9333 1
9369 1
9423 1
9429 1
9468 1
9483 1
9489 1
9495 1
9498 1
9516 1
9519 1
9522 1
9525 1
9534 1
9540 1
9543 1
9546 1
9552 1
9555 1
9558 1
9564 1
9570 1
9573 1
9576 1
9582 1
9585 1
9591 1
9597 1
9600 1
9606 1
9609 1
9612 1
9615 1
9621 1
9630 1
9633 1
9639 1
9651 1
9810 1
9843 1
9864 1
9873 1
9876 1
9879 1
9900 1
9924 1
9930 1
9936 1
9939 1
9945 1
9948 1
9966 1
9975 1
9987 1
9990 1
9993 1
9996 1
9999 1
10002 1
10005 1
10008 1
10011 1
10023 1
10026 1
10029 1
10044 1
10047 1
10056 1
10059 1
10062 1
10068 1
10071 1
10074 1
10077 1
10080 1
10083 1
10089 1
10092 1
10095 1
10098 1
10101 1
10104 1
10107 1
10113 1
10149 1
10155 1
10161 1
10194 1
10221 1
10224 1
10227 1
10230 1
10236 1
10239 1
10242 1
10248 1
10263 1
10266 1
10272 1
10290 1
10308 1
10314 1
10329 1
10332 1
10335 1
10365 1
10368 1
10377 1
10404 1
10428 1
10455 1
10485 1
10491 1
10497 1
10512 1
10530 1
10572 1
10575 1
10665 1
10671 1
10677 1
10698 1
10701 1
10704 1
10713 1
10725 1
10728 1
10737 1
10740 1
10746 1
10749 1
10764 1
10767 1
10770 1
10776 1
10818 1
10836 1
10839 1
10869 1
10878 1
10887 1
10914 1
10917 1
10923 1
10932 1
10950 1
10965 1
10980 1
10986 1
10992 1
10995 1
10998 1
11013 1
11025 1
11034 1
11037 1
11052 1
11094 1
11100 1
11106 1
11112 1
11118 1
11124 1
11133 1
11157 1
11175 1
11184 1
11208 1
11211 1
11223 1
11226 1
11235 1
11241 1
11244 1
11253 1
11265 1
11268 1
11274 1
11277 1
11280 1
11292 1
11295 1
11313 1
11316 1
11322 1
11328 1
11331 1
11334 1
11343 1
11349 1
11355 1
11364 1
11373 1
11400 1
11403 1
11406 1
11421 1
11436 1
11439 1
11454 1
11457 1
11472 1
11475 1
11478 1
11481 1
11484 1
11487 1
11490 1
11499 1
11502 1
11505 1
11508 1
11520 1
11523 1
11529 1
11532 1
11535 1
11538 1
11541 1
11544 1
11550 1
11553 1
11556 1
11559 1
11562 1
11565 1
11568 1
11571 1
11574 1
11577 1
11580 1
11583 1
11586 1
11589 1
11595 1
11601 1
11610 1
11613 1
11643 1
11646 1
11649 1
11652 1
11661 1
11673 1
11706 1
11709 1
11721 1
11760 1
11772 1
11796 1
11817 1
11823 1
11826 1
11829 1
11835 1
11838 1
11841 1
11844 1
11847 1
11850 1
11853 1
11856 1
11859 1
11862 1
11865 1
11871 1
11874 1
11880 1
11883 1
11886 1
11889 1
11892 1
11895 1
11898 1
11901 1
11907 1
11910 1
11913 1
11916 1
11919 1
11943 1
11946 1
11949 1
11961 1
11973 1
11994 1
12006 1
12018 1
12051 1
12078 1
12081 1
12093 1
12096 1
12105 1
12114 1
12117 1
12120 1
12126 1
12132 1
12141 1
12147 1
12159 1
12162 1
12168 1
12171 1
12177 1
12183 1
12186 1
12243 1
12249 1
12261 1
12267 1
12273 1
12276 1
12297 1
12303 1
12306 1
12312 1
12336 1
12345 1
12369 1
12399 1
12405 1
12411 1
12414 1
12417 1
12435 1
12438 1
12444 1
12453 1
12462 1
12474 1
12480 1
12489 1
12513 1
12540 1
12549 1
12558 1
12561 1
12633 1
12663 1
12669 1
12684 1
12705 1
12708 1
12720 1
12735 1
12753 1
12756 1
12771 1
12780 1
12795 1
12843 1
12852 1
12882 1
12885 1
12906 1
12918 1
12933 1
12954 1
12990 1
13005 1
13020 1
13023 1
13050 1
13062 1
13071 1
13083 1
13092 1
13119 1
13137 1
13140 1
13155 1
13158 1
13170 1
13179 1
13188 1
13215 1
13218 1
13224 1
13227 1
13230 1
13236 1
13239 1
13248 1
13257 1
13263 1
13272 1
13281 1
13284 1
13356 1
13368 1
13398 1
13401 1
13407 1
13425 1
13428 1
13431 1
13449 1
13473 1
13506 1
13512 1
13515 1
13530 1
13533 1
13539 1
13560 1
13563 1
13602 1
13623 1
13647 1
13650 1
13653 1
13659 1
13674 1
13677 1
13683 1
13728 1
13731 1
13740 1
13776 1
13806 1
13824 1
13842 1
13845 1
13848 1
13851 1
13854 1
13857 1
13860 1
13863 1
13869 1
13881 1
13896 1
13902 1
13920 1
13932 1
13938 1
13962 1
13968 1
14001 1
14007 1
14013 1
14025 1
14046 1
14058 1
14061 1
14070 1
14076 1
14082 1
14085 1
14091 1
14094 1
14100 1
14103 1
14109 1
14121 1
14127 1
14133 1
14142 1
14193 1
14196 1
14199 1
14202 1
14205 1
14214 1
14220 1
14244 1
14250 1
14253 1
14277 1
14283 1
14289 1
14307 1
14322 1
14340 1
14349 1
14352 1
14367 1
14373 1
14433 1
14466 1
14475 1
14496 1
14505 1
14514 1
14532 1
14535 1
14544 1
14547 1
14574 1
14586 1
14598 1
14628 1
14640 1
14649 1
14652 1
14658 1
14661 1
14664 1
14667 1
14670 1
14679 1
14685 1
14691 1
14706 1
14712 1
14718 1
14733 1
14742 1
14748 1
14754 1
14757 1
14760 1
14763 1
14766 1
14769 1
14772 1
14775 1
14808 1
14859 1
14874 1
14877 1
14895 1
14898 1
14904 1
14910 1
14916 1
14922 1
14928 1
14931 1
14934 1
14940 1
14946 1
14949 1
14955 1
14958 1
14961 1
14964 1
14967 1
14970 1
14979 1
14982 1
15000 1
15009 1
15012 1
15015 1
15018 1
15030 1
15033 1
15039 1
15042 1
15045 1
15048 1
15051 1
15054 1
15060 1
15063 1
15066 1
15069 1
15072 1
15075 1
15081 1
15084 1
15090 1
15093 1
15096 1
15099 1
15102 1
15111 1
15117 1
15123 1
15129 1
15132 1
15168 1
15171 1
15174 1
15183 1
15186 1
15189 1
15207 1
15210 1
15246 1
15249 1
15264 1
15276 1
15288 1
15327 1
15330 1
15333 1
15342 1
15345 1
15354 1
15360 1
15363 1
15381 1
15411 1
15453 1
15468 1
15474 1
15492 1
15528 1
15534 1
15552 1
15555 1
15567 1
15573 1
15612 1
15624 1
15654 1
15657 1
15723 1
15738 1
15750 1
15765 1
15804 1
15816 1
15825 1
15834 1
15843 1
15855 1
15879 1
15930 1
15951 1
15972 1
15975 1
15984 1
15993 1
15996 1
15999 1
16002 1
16020 1
16023 1
16029 1
16032 1
16038 1
16047 1
16053 1
16056 1
16059 1
16077 1
16092 1
16095 1
16104 1
16107 1
16110 1
16119 1
16125 1
16128 1
16131 1
16134 1
16137 1
16140 1
16143 1
16146 1
16149 1
16152 1
16155 1
16158 1
16161 1
16164 1
16167 1
16170 1
16173 1
16176 1
16218 1
16230 1
16233 1
16239 1
16254 1
16266 1
16269 1
16278 1
16296 1
16302 1
16323 1
16326 1
16329 1
16332 1
16335 1
16341 1
16344 1
16347 1
16353 1
16356 1
16359 1
16362 1
16365 1
16368 1
16374 1
16395 1
16401 1
16410 1
16413 1
16425 1
16428 1
16440 1
16446 1
16452 1
16509 1
16512 1
16521 1
16524 1
16530 1
16536 1
16539 1
16542 1
16545 1
16554 1
16557 1
16608 1
16614 1
16623 1
16638 1
16650 1
16662 1
16677 1
16686 1
16689 1
16770 1
16785 1
16806 1
16809 1
16815 1
16818 1
16824 1
16827 1
16830 1
16833 1
16836 1
16842 1
16851 1
16857 1
16866 1
16869 1
16872 1
16875 1
16899 1
16911 1
16947 1
16950 1
16959 1
16965 1
16980 1
17022 1
17028 1
17055 1
17067 1
17070 1
17073 1
17094 1
17121 1
17151 1
17157 1
17172 1
17175 1
17193 1
17196 1
17217 1
17223 1
17241 1
17247 1
17286 1
17292 1
17298 1
17301 1
17304 1
17307 1
17310 1
17313 1
17316 1
17331 1
17334 1
17337 1
17340 1
17346 1
17349 1
17355 1
17358 1
17364 1
17376 1
17382 1
17385 1
17394 1
17397 1
17400 1
17406 1
17409 1
17415 1
17418 1
17424 1
17427 1
17430 1
17436 1
17448 1
17451 1
17454 1
17460 1
17463 1
17466 1
17469 1
17472 1
17475 1
17484 1
17490 1
17493 1
17496 1
17499 1
17502 1
17505 1
17508 1
17517 1
17526 1
17535 1
17538 1
17544 1
17547 1
17556 1
17559 1
17568 1
17571 1
17583 1
17586 1
17589 1
17595 1
17598 1
17601 1
17610 1
17613 1
17616 1
17619 1
17625 1
17628 1
17634 1
17640 1
17646 1
17649 1
17652 1
17664 1
17667 1
17673 1
17676 1
17682 1
17685 1
17688 1
17691 1
17700 1
17715 1
17721 1
17724 1
17733 1
17736 1
17742 1
17745 1
17751 1
17754 1
17757 1
17760 1
17763 1
17766 1
17793 1
17802 1
17805 1
17823 1
17826 1
17829 1
17847 1
17862 1
17868 1
17871 1
17874 1
17898 1
17910 1
17913 1
17916 1
17919 1
17955 1
17958 1
17964 1
17979 1
17994 1
18015 1
18021 1
18024 1
18027 1
18048 1
18054 1
18060 1
18072 1
18087 1
18090 1
18108 1
18114 1
18117 1
18120 1
18135 1
18144 1
18156 1
18159 1
18162 1
18168 1
18189 1
18198 1
18201 1
18228 1
18246 1
18255 1
18267 1
18270 1
18276 1
18282 1
18285 1
18291 1
18294 1
18300 1
18318 1
18321 1
18324 1
18327 1
18339 1
18345 1
18348 1
18351 1
18354 1
18357 1
18360 1
18363 1
18366 1
18381 1
18384 1
18396 1
18453 1
18471 1
18474 1
18498 1
18501 1
18510 1
18516 1
18522 1
18537 1
18543 1
18549 1
18561 1
18564 1
18609 1
18624 1
18627 1
18630 1
18633 1
18642 1
18651 1
18663 1
18672 1
18684 1
18690 1
18699 1
18711 1
18726 1
18729 1
18735 1
18738 1
18744 1
18747 1
18771 1
18777 1
18780 1
18783 1
18792 1
18795 1
18822 1
18825 1
18828 1
18831 1
18837 1
18849 1
18861 1
18864 1
18894 1
18915 1
18927 1
18957 1
18960 1
18966 1
18972 1
18993 1
18996 1
19020 1
19071 1
19080 1
19086 1
19116 1
19119 1
19140 1
19146 1
19155 1
19158 1
19167 1
19170 1
19173 1
19191 1
19209 1
19212 1
19218 1
19221 1
19227 1
19242 1
19245 1
19251 1
19254 1
19263 1
19272 1
19275 1
19281 1
19296 1
19299 1
19302 1
19308 1
19317 1
19323 1
19335 1
19341 1
19344 1
19350 1
19356 1
19359 1
19371 1
19383 1
19410 1
19413 1
19416 1
19419 1
19434 1
19446 1
19452 1
19458 1
19473 1
19488 1
19494 1
19497 1
19500 1
19503 1
19506 1
19509 1
19512 1
19524 1
19527 1
19551 1
19554 1
19569 1
19584 1
19587 1
19638 1
19641 1
19644 1
19650 1
19653 1
19662 1
19668 1
19671 1
19674 1
19680 1
19683 1
19689 1
19698 1
19704 1
19707 1
19716 1
19725 1
19728 1
19737 1
19743 1
19788 1
19800 1
19809 1
19812 1
19824 1
19839 1
19851 1
19854 1
19857 1
19875 1
19902 1
19938 1
19992 1
19995 1
20004 1
20013 1
20022 1
20025 1
20028 1
20043 1
20046 1
20052 1
20067 1
20109 1
20136 1
20139 1
20172 1
20175 1
20178 1
20181 1
20190 1
20196 1
20199 1
20202 1
20211 1
20235 1
20241 1
20247 1
20262 1
20265 1
20271 1
20289 1
20304 1
20310 1
20313 1
20319 1
20322 1
20325 1
20331 1
20337 1
20340 1
20355 1
20358 1
20364 1
20367 1
20373 1
20388 1
20391 1
20394 1
20403 1
20406 1
20409 1
20412 1
20415 1
20418 1
20421 1
20424 1
20427 1
20442 1
20451 1
20457 1
20460 1
20469 1
20481 1
20520 1
20586 1
20601 1
20604 1
20607 1
20637 1
20655 1
20676 1
20754 1
20757 1
20763 1
20766 1
20769 1
20772 1
20775 1
20796 1
20799 1
20802 1
20823 1
20826 1
20829 1
20856 1
20871 1
20889 1
20907 1
20925 1
20928 1
20934 1
20949 1
20961 1
20976 1
21003 1
21018 1
21036 1
21081 1
21096 1
21102 1
21105 1
21120 1
21123 1
21135 1
21144 1
21147 1
21150 1
21153 1
21156 1
21162 1
21165 1
21168 1
21171 1
21174 1
21177 1
21180 1
21183 1
21186 1
21192 1
21195 1
21201 1
21207 1
21210 1
21213 1
21216 1
21219 1
21222 1
21225 1
21228 1
21264 1
21267 1
21312 1
21321 1
21333 1
21342 1
21348 1
21351 1
21363 1
21366 1
21369 1
21384 1
21387 1
21393 1
21417 1
21444 1
21450 1
21453 1
21456 1
21465 1
21492 1
21498 1
21501 1
21507 1
21513 1
21519 1
21522 1
21525 1
21531 1
21537 1
21540 1
21543 1
21546 1
21549 1
21552 1
21555 1
21561 1
21564 1
21567 1
21570 1
21573 1
21576 1
21585 1
21588 1
21591 1
21594 1
21597 1
21600 1
21603 1
21612 1
21615 1
21618 1
21621 1
21627 1
21630 1
21633 1
21636 1
21639 1
21642 1
21645 1
21648 1
21651 1
21654 1
21657 1
21660 1
21666 1
21669 1
21672 1
21684 1
21687 1
21690 1
21693 1
21696 1
21699 1
21702 1
21711 1
21714 1
21717 1
21720 1
21723 1
21729 1
21732 1
21735 1
21738 1
21750 1
21753 1
21756 1
21762 1
21768 1
21771 1
21774 1
21777 1
21780 1
21783 1
21789 1
21792 1
21795 1
21804 1
21807 1
21810 1
21813 1
21816 1
21819 1
21822 1
21825 1
21831 1
21834 1
21837 1
21840 1
21843 1
21846 1
21849 1
21852 1
21855 1
21858 1
21864 1
21867 1
21870 1
21873 1
21876 1
21882 1
21885 1
21888 1
21891 1
21894 1
21897 1
21900 1
21903 1
21906 1
21909 1
21912 1
21915 1
21921 1
21924 1
21927 1
21936 1
21939 1
21942 1
21948 1
21978 1
22005 1
22017 1
22023 1
22047 1
22050 1
22062 1
22068 1
22080 1
22083 1
22092 1
22095 1
22107 1
22110 1
22113 1
22119 1
22137 1
22143 1
22155 1
22161 1
22197 1
22209 1
22224 1
22233 1
22236 1
22242 1
22248 1
22257 1
22260 1
22266 1
22269 1
22272 1
22275 1
22278 1
22281 1
22284 1
22287 1
22290 1
22293 1
22296 1
22302 1
22308 1
22314 1
22335 1
22338 1
22353 1
22371 1
22374 1
22380 1
22383 1
22386 1
22419 1
22425 1
22431 1
22437 1
22443 1
22449 1
22458 1
22470 1
22473 1
22476 1
22479 1
22482 1
22503 1
22506 1
22509 1
22518 1
22530 1
22533 1
22536 1
22575 1
22596 1
22602 1
22614 1
22617 1
22644 1
22647 1
22671 1
22674 1
22692 1
22701 1
22725 1
22728 1
22734 1
22746 1
22755 1
22758 1
22776 1
22788 1
22803 1
22815 1
22818 1
22821 1
22824 1
22881 1
22899 1
22905 1
22920 1
22923 1
22929 1
22932 1
22935 1
22938 1
22941 1
22947 1
22950 1
22953 1
22956 1
22959 1
22962 1
22965 1
22968 1
22971 1
22974 1
22977 1
22986 1
22989 1
22992 1
22995 1
22998 1
23001 1
23004 1
23010 1
23031 1
23055 1
23058 1
23088 1
23097 1
23100 1
23103 1
23106 1
23109 1
23142 1
23151 1
23157 1
23160 1
23175 1
23178 1
23202 1
23217 1
23220 1
23229 1
23241 1
23244 1
23253 1
23274 1
23289 1
23298 1
23301 1
23304 1
23310 1
23313 1
23316 1
23319 1
23331 1
23334 1
23340 1
23349 1
23358 1
23376 1
23382 1
23406 1
23409 1
23412 1
23424 1
23427 1
23430 1
23442 1
23454 1
23457 1
23463 1
23466 1
23472 1
23481 1
23487 1
23496 1
23499 1
23514 1
23523 1
23535 1
23541 1
23562 1
23586 1
23589 1
23595 1
23604 1
23619 1
23637 1
23655 1
23658 1
23688 1
23691 1
23694 1
23697 1
23703 1
23718 1
23721 1
23724 1
23733 1
23769 1
23787 1
23793 1
23805 1
23814 1
23817 1
23820 1
23823 1
23832 1
23835 1
23838 1
23844 1
23847 1
23853 1
23856 1
23859 1
23862 1
23865 1
23871 1
23889 1
23895 1
23901 1
23934 1
23949 1
23952 1
23955 1
23961 1
23964 1
23973 1
23982 1
23988 1
24003 1
24021 1
24027 1
24039 1
24042 1
24045 1
24048 1
24057 1
24069 1
24075 1
24078 1
24087 1
24090 1
24093 1
24096 1
24108 1
24111 1
24117 1
24123 1
24129 1
24135 1
24138 1
24156 1
24165 1
24195 1
24216 1
24270 1
24273 1
24276 1
24285 1
24288 1
24291 1
24312 1
24318 1
24336 1
24339 1
24348 1
24354 1
24360 1
24372 1
24375 1
24378 1
24381 1
24384 1
24390 1
24393 1
24396 1
24399 1
24402 1
24405 1
24408 1
24411 1
24414 1
24417 1
24420 1
24423 1
24432 1
24435 1
24438 1
24441 1
24453 1
24462 1
24465 1
24477 1
24480 1
24486 1
24495 1
24507 1
24513 1
24522 1
24552 1
24564 1
24582 1
24597 1
24606 1
24609 1
24612 1
24615 1
24648 1
24651 1
24654 1
24663 1
24666 1
24669 1
24675 1
24678 1
24687 1
24696 1
24699 1
24714 1
24720 1
24726 1
24729 1
24738 1
24741 1
24750 1
24756 1
24765 1
24768 1
24771 1
24777 1
24789 1
24792 1
24795 1
24816 1
24822 1
24843 1
24852 1
24858 1
24861 1
24873 1
24876 1
24879 1
24882 1
24885 1
24888 1
24891 1
24894 1
24897 1
24903 1
24909 1
24921 1
24924 1
24927 1
24933 1
24936 1
24942 1
24945 1
24972 1
24975 1
24978 1
24981 1
24984 1
25017 1
25035 1
25041 1
25050 1
25062 1
25068 1
25086 1
25095 1
25098 1
25101 1
25104 1
25107 1
25110 1
25113 1
25116 1
25119 1
25122 1
25125 1
25128 1
25131 1
25134 1
25200 1
25215 1
25266 1
25284 1
25305 1
25311 1
25314 1
25338 1
25344 1
25347 1
25353 1
25356 1
25374 1
25377 1
25392 1
25395 1
25431 1
25434 1
25467 1
25470 1
25476 1
25479 1
25491 1
25503 1
25506 1
25509 1
25512 1
25515 1
25521 1
25542 1
25545 1
25563 1
25572 1
25581 1
25584 1
25599 1
25614 1
25632 1
25641 1
25659 1
25665 1
25668 1
25671 1
25731 1
25737 1
25740 1
25743 1
25758 1
25764 1
25770 1
25779 1
25782 1
25824 1
25827 1
25833 1
25842 1
25857 1
25860 1
25863 1
25866 1
25875 1
25884 1
25887 1
25890 1
25893 1
25911 1
25920 1
25941 1
25971 1
25977 1
25980 1
25986 1
25989 1
25995 1
26022 1
26052 1
26136 1
26145 1
26148 1
26151 1
26169 1
26184 1
26202 1
26211 1
26223 1
26226 1
26229 1
26244 1
26334 1
26352 1
26361 1
26364 1
26367 1
26370 1
26373 1
26376 1
26385 1
26427 1
26433 1
26463 1
26478 1
26511 1
26535 1
26541 1
26568 1
26571 1
26574 1
26577 1
26580 1
26595 1
26661 1
26682 1
26685 1
26688 1
26691 1
26694 1
26703 1
26715 1
26718 1
26730 1
26766 1
26814 1
26820 1
26829 1
26841 1
26847 1
26859 1
26868 1
26871 1
26874 1
26880 1
26898 1
26904 1
26907 1
26910 1
26916 1
26925 1
26931 1
26946 1
26949 1
26952 1
26955 1
26967 1
26970 1
26973 1
26976 1
26979 1
26988 1
27015 1
27021 1
27024 1
27027 1
27045 1
27048 1
27054 1
27075 1
27099 1
27102 1
27114 1
27117 1
27123 1
27132 1
27138 1
27156 1
27159 1
27186 1
27195 1
27201 1
27204 1
27213 1
27219 1
27222 1
27231 1
27234 1
27243 1
27246 1
27249 1
27255 1
27261 1
27264 1
27285 1
27288 1
27294 1
27297 1
27303 1
27309 1
27312 1
27321 1
27327 1
27336 1
27339 1
27348 1
27354 1
27366 1
27369 1
27384 1
27405 1
27408 1
27411 1
27414 1
27429 1
27435 1
27438 1
27441 1
27444 1
27459 1
27462 1
27465 1
27468 1
27471 1
27477 1
27483 1
27495 1
27498 1
27507 1
27510 1
27516 1
27525 1
27561 1
27564 1
27570 1
27573 1
27585 1
27588 1
27606 1
27618 1
27621 1
27627 1
27633 1
27636 1
27639 1
27657 1
27714 1
27717 1
27726 1
27747 1
27750 1
27765 1
27768 1
27774 1
27777 1
27780 1
27837 1
27840 1
27843 1
27846 1
27849 1
27864 1
27873 1
27879 1
27891 1
27897 1
27903 1
27909 1
27912 1
27927 1
27954 1
27960 1
27996 1
27999 1
28002 1
28062 1
28074 1
28077 1
28095 1
28113 1
28122 1
28125 1
28134 1
28320 1
28389 1
28419 1
28440 1
28446 1
28449 1
28458 1
28461 1
28464 1
28467 1
28470 1
28473 1
28476 1
28491 1
28494 1
28497 1
28503 1
28518 1
28521 1
28524 1
28551 1
28554 1
28557 1
28560 1
28566 1
28569 1
28578 1
28581 1
28593 1
28602 1
28605 1
28620 1
28629 1
28632 1
28641 1
28659 1
28665 1
28713 1
28737 1
28758 1
28800 1
28803 1
28815 1
28824 1
28827 1
28839 1
28845 1
28848 1
28851 1
28854 1
28857 1
28863 1
28866 1
28869 1
28887 1
28911 1
28923 1
28926 1
28929 1
28941 1
28944 1
28959 1
28968 1
28971 1
28977 1
28980 1
28983 1
28986 1
28989 1
28992 1
28995 1
29001 1
29022 1
29028 1
29031 1
29034 1
29037 1
29043 1
29046 1
29049 1
29061 1
29064 1
29082 1
29094 1
29097 1
29100 1
29106 1
29112 1
29133 1
29136 1
29157 1
29163 1
29169 1
29172 1
29190 1
29193 1
29196 1
29199 1
29205 1
29208 1
29214 1
29229 1
29238 1
29244 1
29247 1
29265 1
29268 1
29286 1
29289 1
29292 1
29295 1
29301 1
29304 1
29307 1
29310 1
29337 1
29340 1
29349 1
29355 1
29361 1
29364 1
29367 1
29370 1
29373 1
29382 1
29394 1
29397 1
29406 1
29409 1
29412 1
29415 1
29418 1
29421 1
29424 1
29427 1
29430 1
29433 1
29445 1
29448 1
29451 1
29478 1
29487 1
29490 1
29493 1
29496 1
29505 1
29508 1
29511 1
29514 1
29517 1
29520 1
29523 1
29526 1
29529 1
29532 1
29535 1
29538 1
29547 1
29565 1
29568 1
29583 1
29586 1
29589 1
29595 1
29604 1
29607 1
29628 1
29634 1
29640 1
29643 1
29646 1
29649 1
29661 1
29685 1
29688 1
29694 1
29706 1
29712 1
29715 1
29718 1
29730 1
29733 1
29736 1
29739 1
29742 1
29745 1
29748 1
29751 1
29766 1
29772 1
29784 1
29793 1
29796 1
29814 1
29817 1
29844 1
29859 1
29862 1
29865 1
29868 1
29880 1
29898 1
29922 1
29925 1
29943 1
30072 1
30075 1
30078 1
30081 1
30084 1
30090 1
30093 1
30096 1
30099 1
30102 1
30105 1
30123 1
30177 1
30186 1
30195 1
30210 1
30228 1
30234 1
30240 1
30246 1
30252 1
30261 1
30267 1
30279 1
30297 1
30300 1
30306 1
30309 1
30312 1
30315 1
30318 1
30321 1
30324 1
30354 1
30363 1
30366 1
30375 1
30378 1
30384 1
30429 1
30432 1
30435 1
30450 1
30453 1
30465 1
30468 1
30471 1
30474 1
30480 1
30483 1
30489 1
30492 1
30495 1
30498 1
30525 1
30531 1
30537 1
30546 1
30570 1
30579 1
30582 1
30588 1
30624 1
30654 1
30657 1
30666 1
30693 1
30723 1
30747 1
30771 1
30774 1
30777 1
30783 1
30786 1
30795 1
30801 1
30837 1
30840 1
30846 1
30858 1
30864 1
30870 1
30876 1
30879 1
30885 1
30888 1
30900 1
30915 1
30933 1
30987 1
30990 1
30993 1
30999 1
31005 1
31032 1
31212 1
31215 1
31365 1
31368 1
31371 1
31374 1
31377 1
31386 1
31389 1
31392 1
31395 1
31413 1
31416 1
31419 1
31425 1
31473 1
31488 1
31503 1
31767 1
31773 1
31839 1
32157 1
32223 1
32361 1
32730 1
32748 1
32751 1
