#NId Centrality
1054 72
1056 65
407 56
261 53
410 52
453 51
263 49
165 48
171 48
1536 47
987 46
345 45
1198 45
763 44
127 42
989 42
408 41
1055 41
699 40
1164 38
147 37
867 37
988 37
1537 37
412 36
1971 36
2265 36
1551 35
3076 35
131 34
348 34
495 33
566 33
695 33
1456 33
1534 33
2485 33
765 32
889 32
1535 32
2096 32
3802 32
344 31
565 31
568 31
812 31
1943 31
99 30
794 30
696 29
1091 29
3060 29
5673 29
2195 28
2364 28
168 27
819 27
982 27
1503 27
1506 27
1529 27
220 26
329 26
1058 26
1255 26
1598 26
2196 26
2975 26
129 25
133 25
149 25
205 25
296 25
984 25
1962 25
2197 25
2484 25
405 24
648 24
761 24
1176 24
1959 24
6323 24
132 23
260 23
693 23
698 23
1553 23
1922 23
1968 23
2396 23
161 22
167 22
443 22
945 22
1116 22
1282 22
4609 22
5884 22
130 21
185 21
330 21
346 21
347 21
567 21
742 21
961 21
1186 21
1217 21
1528 21
1533 21
1579 21
2320 21
200 20
340 20
538 20
697 20
781 20
1323 20
1699 20
2169 20
2787 20
2813 20
4094 20
4673 20
128 19
267 19
288 19
290 19
343 19
505 19
628 19
824 19
1408 19
1527 19
1632 19
1904 19
1905 19
2018 19
3075 19
4996 19
148 18
170 18
174 18
560 18
694 18
796 18
970 18
986 18
1050 18
1165 18
1185 18
1322 18
1491 18
1614 18
2866 18
4054 18
4159 18
4391 18
4870 18
5315 18
9 17
44 17
92 17
106 17
190 17
382 17
397 17
640 17
669 17
677 17
714 17
720 17
766 17
834 17
860 17
1021 17
1088 17
1365 17
1398 17
1550 17
1552 17
1574 17
1657 17
1717 17
4798 17
4 16
71 16
241 16
266 16
319 16
614 16
756 16
993 16
1031 16
1248 16
1299 16
1340 16
1863 16
1900 16
1934 16
2091 16
2365 16
2564 16
2710 16
3004 16
3216 16
3578 16
3743 16
3881 16
3885 16
58 15
90 15
146 15
217 15
223 15
374 15
411 15
564 15
630 15
633 15
642 15
644 15
762 15
786 15
985 15
1014 15
1039 15
1057 15
1143 15
1151 15
1155 15
1697 15
1765 15
2268 15
2447 15
2565 15
2570 15
2658 15
2853 15
2867 15
2873 15
2904 15
2927 15
3065 15
3181 15
3568 15
3876 15
3966 15
4643 15
4694 15
5026 15
30 14
93 14
94 14
110 14
118 14
137 14
237 14
265 14
378 14
390 14
437 14
481 14
534 14
638 14
730 14
743 14
833 14
1042 14
1062 14
1356 14
1451 14
1483 14
1501 14
1502 14
1504 14
1764 14
1890 14
2389 14
2505 14
2580 14
2888 14
2895 14
2952 14
3184 14
3253 14
3297 14
3369 14
3530 14
4191 14
4374 14
4765 14
5500 14
7483 14
8195 14
33 13
66 13
83 13
120 13
178 13
275 13
311 13
454 13
466 13
735 13
795 13
1003 13
1011 13
1053 13
1240 13
1324 13
1547 13
1568 13
1824 13
1858 13
1883 13
1884 13
1910 13
2179 13
2188 13
2444 13
2602 13
2684 13
2785 13
2863 13
2875 13
3093 13
3101 13
3490 13
3793 13
4077 13
4353 13
4719 13
5403 13
5443 13
5711 13
6097 13
6327 13
6479 13
8725 13
11 12
121 12
134 12
192 12
239 12
252 12
325 12
326 12
342 12
399 12
430 12
497 12
542 12
561 12
593 12
615 12
637 12
649 12
664 12
753 12
759 12
772 12
850 12
855 12
900 12
901 12
966 12
973 12
1109 12
1175 12
1244 12
1259 12
1278 12
1347 12
1395 12
1562 12
1613 12
1647 12
1714 12
1747 12
1773 12
1795 12
1868 12
1872 12
1919 12
1921 12
1949 12
1963 12
2154 12
2181 12
2283 12
2349 12
2466 12
2469 12
2472 12
2674 12
2693 12
2738 12
2799 12
2878 12
2885 12
3094 12
3158 12
3254 12
3458 12
3499 12
3560 12
3590 12
3861 12
4061 12
4142 12
4336 12
4366 12
4498 12
4664 12
4690 12
4782 12
4794 12
4951 12
5149 12
5350 12
5728 12
6108 12
8307 12
8342 12
13 11
18 11
31 11
52 11
75 11
102 11
125 11
187 11
282 11
315 11
328 11
381 11
388 11
440 11
487 11
515 11
545 11
621 11
624 11
643 11
687 11
736 11
752 11
754 11
801 11
851 11
874 11
975 11
978 11
996 11
1078 11
1141 11
1211 11
1229 11
1382 11
1538 11
1616 11
1711 11
1722 11
1729 11
1770 11
1797 11
1855 11
1932 11
1964 11
2053 11
2088 11
2186 11
2204 11
2211 11
2212 11
2221 11
2272 11
2290 11
2331 11
2387 11
2415 11
2543 11
2607 11
2646 11
2661 11
2763 11
2837 11
2882 11
2931 11
2934 11
2989 11
3056 11
3167 11
3344 11
3384 11
3385 11
3388 11
3548 11
3565 11
3643 11
3772 11
3798 11
3858 11
4166 11
4282 11
4352 11
4407 11
4465 11
4480 11
4486 11
4745 11
4754 11
4947 11
4987 11
5082 11
5216 11
5321 11
5353 11
5589 11
5916 11
5966 11
6008 11
6197 11
6240 11
35 10
79 10
89 10
117 10
124 10
140 10
180 10
182 10
186 10
199 10
245 10
262 10
323 10
356 10
379 10
402 10
424 10
429 10
436 10
512 10
517 10
569 10
570 10
583 10
596 10
600 10
610 10
636 10
686 10
815 10
920 10
923 10
937 10
965 10
1005 10
1037 10
1045 10
1049 10
1072 10
1203 10
1230 10
1232 10
1280 10
1306 10
1325 10
1353 10
1409 10
1455 10
1469 10
1480 10
1532 10
1633 10
1634 10
1664 10
1670 10
1687 10
1716 10
1741 10
1751 10
1771 10
1806 10
1814 10
1860 10
1867 10
1886 10
1923 10
1927 10
1936 10
1940 10
1958 10
1985 10
2011 10
2074 10
2075 10
2087 10
2145 10
2151 10
2157 10
2226 10
2230 10
2285 10
2341 10
2380 10
2412 10
2431 10
2433 10
2552 10
2620 10
2628 10
2634 10
2663 10
2701 10
2810 10
2811 10
2819 10
2836 10
2840 10
2864 10
2915 10
2936 10
2970 10
2976 10
2991 10
2992 10
2993 10
3069 10
3095 10
3132 10
3166 10
3183 10
3212 10
3247 10
3263 10
3277 10
3322 10
3355 10
3366 10
3398 10
3399 10
3428 10
3438 10
3446 10
3484 10
3486 10
3494 10
3496 10
3525 10
3583 10
3614 10
3638 10
3659 10
3668 10
3765 10
3767 10
3780 10
3811 10
3851 10
3941 10
3958 10
4035 10
4037 10
4057 10
4065 10
4141 10
4169 10
4185 10
4202 10
4215 10
4226 10
4247 10
4269 10
4380 10
4403 10
4478 10
4655 10
4682 10
4685 10
4735 10
5064 10
5096 10
5274 10
5301 10
5329 10
5346 10
5372 10
5406 10
5564 10
5626 10
5768 10
5861 10
5903 10
5925 10
6089 10
6324 10
6352 10
6412 10
6715 10
6822 10
6945 10
7079 10
7186 10
7400 10
7592 10
7804 10
8458 10
9154 10
9348 10
2 9
16 9
46 9
48 9
65 9
67 9
74 9
87 9
98 9
107 9
114 9
159 9
243 9
301 9
375 9
447 9
456 9
459 9
469 9
470 9
478 9
491 9
494 9
520 9
544 9
547 9
548 9
551 9
577 9
582 9
602 9
606 9
613 9
626 9
631 9
650 9
660 9
679 9
680 9
703 9
710 9
726 9
797 9
838 9
854 9
856 9
870 9
880 9
921 9
933 9
935 9
946 9
958 9
983 9
992 9
1006 9
1016 9
1020 9
1024 9
1041 9
1060 9
1075 9
1077 9
1089 9
1090 9
1093 9
1105 9
1160 9
1172 9
1194 9
1223 9
1252 9
1272 9
1304 9
1320 9
1330 9
1338 9
1391 9
1417 9
1471 9
1475 9
1487 9
1530 9
1583 9
1593 9
1606 9
1625 9
1663 9
1666 9
1701 9
1769 9
1777 9
1785 9
1802 9
1809 9
1817 9
1835 9
1836 9
1907 9
1918 9
1946 9
1960 9
2002 9
2034 9
2064 9
2089 9
2090 9
2112 9
2127 9
2144 9
2166 9
2177 9
2198 9
2215 9
2223 9
2301 9
2403 9
2495 9
2513 9
2560 9
2584 9
2640 9
2670 9
2672 9
2704 9
2705 9
2730 9
2747 9
2812 9
2854 9
2896 9
2964 9
3047 9
3083 9
3091 9
3110 9
3119 9
3128 9
3187 9
3222 9
3264 9
3268 9
3280 9
3305 9
3307 9
3374 9
3377 9
3439 9
3451 9
3469 9
3510 9
3539 9
3561 9
3592 9
3639 9
3670 9
3684 9
3711 9
3763 9
3782 9
3890 9
3965 9
3991 9
4003 9
4039 9
4052 9
4128 9
4143 9
4187 9
4193 9
4199 9
4220 9
4293 9
4295 9
4299 9
4368 9
4437 9
4469 9
4525 9
4555 9
4611 9
4617 9
4699 9
4769 9
4806 9
4970 9
4976 9
5154 9
5198 9
5248 9
5284 9
5358 9
5366 9
5385 9
5387 9
5405 9
5528 9
5672 9
5678 9
5745 9
5765 9
5799 9
5973 9
6235 9
6620 9
6813 9
6887 9
6935 9
7008 9
7133 9
7238 9
7338 9
7863 9
8405 9
8537 9
6 8
25 8
26 8
69 8
162 8
176 8
189 8
213 8
221 8
224 8
234 8
238 8
240 8
244 8
293 8
314 8
332 8
350 8
367 8
385 8
392 8
431 8
433 8
444 8
455 8
467 8
500 8
521 8
537 8
572 8
581 8
585 8
608 8
620 8
647 8
665 8
672 8
674 8
701 8
709 8
731 8
734 8
750 8
788 8
789 8
803 8
804 8
832 8
835 8
852 8
863 8
885 8
904 8
911 8
928 8
931 8
932 8
952 8
976 8
977 8
1026 8
1069 8
1073 8
1079 8
1107 8
1114 8
1137 8
1168 8
1169 8
1190 8
1196 8
1207 8
1210 8
1231 8
1233 8
1258 8
1279 8
1295 8
1308 8
1327 8
1336 8
1341 8
1359 8
1367 8
1412 8
1429 8
1440 8
1441 8
1472 8
1474 8
1548 8
1571 8
1600 8
1603 8
1607 8
1626 8
1636 8
1639 8
1652 8
1665 8
1673 8
1700 8
1718 8
1730 8
1774 8
1787 8
1805 8
1973 8
1988 8
2007 8
2010 8
2028 8
2037 8
2062 8
2068 8
2086 8
2140 8
2152 8
2192 8
2217 8
2231 8
2232 8
2245 8
2251 8
2260 8
2300 8
2317 8
2343 8
2383 8
2398 8
2456 8
2532 8
2533 8
2553 8
2569 8
2597 8
2599 8
2617 8
2625 8
2695 8
2714 8
2734 8
2778 8
2832 8
2862 8
2898 8
2958 8
2961 8
2967 8
2968 8
2996 8
2997 8
3038 8
3055 8
3066 8
3127 8
3210 8
3255 8
3275 8
3311 8
3335 8
3339 8
3353 8
3361 8
3376 8
3418 8
3454 8
3456 8
3462 8
3468 8
3498 8
3546 8
3556 8
3574 8
3585 8
3589 8
3648 8
3663 8
3673 8
3674 8
3681 8
3705 8
3716 8
3722 8
3727 8
3761 8
3787 8
3864 8
3905 8
3908 8
3925 8
3931 8
3949 8
3969 8
3982 8
3999 8
4028 8
4078 8
4104 8
4127 8
4131 8
4139 8
4195 8
4203 8
4238 8
4251 8
4274 8
4315 8
4369 8
4379 8
4383 8
4574 8
4612 8
4623 8
4624 8
4659 8
4687 8
4696 8
4703 8
4715 8
4729 8
4755 8
4763 8
4843 8
4846 8
4861 8
4937 8
4957 8
4975 8
5000 8
5010 8
5021 8
5047 8
5060 8
5152 8
5192 8
5286 8
5338 8
5347 8
5389 8
5488 8
5498 8
5539 8
5548 8
5621 8
5649 8
5651 8
5821 8
5920 8
5941 8
5949 8
5979 8
6047 8
6250 8
6353 8
6401 8
6405 8
6428 8
6453 8
6519 8
6720 8
6779 8
6841 8
6849 8
6929 8
6969 8
7002 8
7122 8
7217 8
7250 8
7381 8
7453 8
7463 8
7724 8
7731 8
7858 8
7887 8
7963 8
8068 8
8331 8
8526 8
8625 8
8773 8
8804 8
8981 8
8984 8
9152 8
9153 8
9547 8
0 7
5 7
45 7
54 7
57 7
81 7
85 7
86 7
91 7
141 7
164 7
177 7
183 7
202 7
204 7
206 7
225 7
230 7
233 7
249 7
270 7
277 7
302 7
320 7
322 7
335 7
354 7
393 7
422 7
432 7
463 7
486 7
499 7
502 7
503 7
540 7
546 7
562 7
574 7
590 7
592 7
598 7
605 7
616 7
652 7
653 7
658 7
663 7
675 7
692 7
700 7
702 7
722 7
724 7
727 7
746 7
757 7
787 7
793 7
826 7
846 7
871 7
883 7
903 7
913 7
925 7
934 7
943 7
1001 7
1004 7
1008 7
1087 7
1101 7
1108 7
1134 7
1142 7
1145 7
1146 7
1152 7
1158 7
1166 7
1202 7
1216 7
1218 7
1247 7
1281 7
1288 7
1309 7
1317 7
1334 7
1342 7
1368 7
1401 7
1406 7
1411 7
1421 7
1428 7
1432 7
1435 7
1555 7
1580 7
1592 7
1611 7
1654 7
1659 7
1669 7
1692 7
1708 7
1724 7
1755 7
1778 7
1788 7
1789 7
1807 7
1813 7
1818 7
1826 7
1830 7
1841 7
1845 7
1850 7
1879 7
1892 7
1893 7
1899 7
1903 7
1911 7
1915 7
1929 7
1933 7
1953 7
1969 7
1996 7
2017 7
2048 7
2058 7
2107 7
2115 7
2116 7
2123 7
2143 7
2176 7
2182 7
2190 7
2213 7
2236 7
2244 7
2250 7
2259 7
2274 7
2275 7
2288 7
2310 7
2323 7
2346 7
2350 7
2359 7
2367 7
2378 7
2384 7
2388 7
2404 7
2409 7
2439 7
2457 7
2458 7
2483 7
2486 7
2497 7
2502 7
2517 7
2527 7
2528 7
2568 7
2608 7
2619 7
2624 7
2632 7
2635 7
2636 7
2647 7
2660 7
2662 7
2665 7
2718 7
2765 7
2775 7
2782 7
2790 7
2805 7
2820 7
2824 7
2830 7
2869 7
2907 7
2912 7
2914 7
2926 7
2945 7
2946 7
2955 7
2959 7
2962 7
2984 7
3005 7
3010 7
3018 7
3029 7
3032 7
3082 7
3084 7
3100 7
3113 7
3134 7
3141 7
3196 7
3199 7
3206 7
3223 7
3274 7
3294 7
3299 7
3300 7
3323 7
3324 7
3343 7
3354 7
3373 7
3423 7
3453 7
3461 7
3502 7
3514 7
3520 7
3547 7
3588 7
3626 7
3627 7
3654 7
3678 7
3680 7
3706 7
3723 7
3745 7
3794 7
3795 7
3809 7
3827 7
3829 7
3831 7
3835 7
3856 7
3889 7
3898 7
3901 7
3903 7
3907 7
3940 7
3946 7
3959 7
3970 7
3978 7
4046 7
4086 7
4089 7
4097 7
4098 7
4125 7
4151 7
4163 7
4173 7
4201 7
4206 7
4218 7
4224 7
4249 7
4285 7
4334 7
4355 7
4358 7
4389 7
4441 7
4468 7
4477 7
4530 7
4546 7
4552 7
4564 7
4579 7
4584 7
4698 7
4711 7
4759 7
4764 7
4772 7
4804 7
4819 7
4864 7
4929 7
4953 7
4954 7
4973 7
5001 7
5033 7
5136 7
5139 7
5206 7
5262 7
5297 7
5303 7
5322 7
5327 7
5360 7
5380 7
5391 7
5442 7
5453 7
5487 7
5550 7
5566 7
5570 7
5580 7
5608 7
5631 7
5658 7
5681 7
5686 7
5694 7
5733 7
5735 7
5742 7
5759 7
5840 7
5844 7
5860 7
5873 7
5880 7
5976 7
5997 7
6006 7
6007 7
6024 7
6036 7
6041 7
6118 7
6137 7
6140 7
6154 7
6190 7
6199 7
6215 7
6242 7
6243 7
6248 7
6294 7
6316 7
6355 7
6367 7
6416 7
6439 7
6487 7
6500 7
6508 7
6567 7
6600 7
6638 7
6646 7
6679 7
6722 7
6787 7
6851 7
6873 7
6918 7
6933 7
6937 7
7023 7
7032 7
7167 7
7185 7
7201 7
7331 7
7343 7
7419 7
7439 7
7444 7
7488 7
7529 7
7551 7
7604 7
7612 7
7629 7
7651 7
7693 7
7743 7
7849 7
7883 7
7894 7
7943 7
8018 7
8148 7
8162 7
8185 7
8214 7
8215 7
8232 7
8361 7
8559 7
8813 7
8914 7
9006 7
9095 7
9189 7
9696 7
9702 7
9884 7
10111 7
3 6
22 6
34 6
39 6
53 6
97 6
115 6
136 6
138 6
150 6
155 6
157 6
209 6
216 6
222 6
250 6
256 6
273 6
292 6
303 6
307 6
308 6
327 6
360 6
365 6
371 6
394 6
395 6
403 6
409 6
479 6
493 6
498 6
516 6
550 6
576 6
578 6
580 6
595 6
627 6
634 6
639 6
646 6
659 6
661 6
670 6
685 6
705 6
711 6
717 6
718 6
719 6
732 6
738 6
760 6
764 6
774 6
784 6
790 6
810 6
837 6
841 6
864 6
875 6
887 6
893 6
895 6
897 6
907 6
910 6
912 6
919 6
929 6
939 6
947 6
948 6
949 6
960 6
964 6
981 6
1015 6
1025 6
1036 6
1047 6
1074 6
1103 6
1111 6
1115 6
1130 6
1144 6
1157 6
1171 6
1179 6
1182 6
1183 6
1226 6
1239 6
1243 6
1249 6
1254 6
1261 6
1267 6
1268 6
1328 6
1354 6
1369 6
1373 6
1386 6
1400 6
1414 6
1416 6
1419 6
1423 6
1426 6
1430 6
1459 6
1461 6
1467 6
1509 6
1549 6
1575 6
1582 6
1586 6
1589 6
1638 6
1648 6
1656 6
1658 6
1678 6
1713 6
1719 6
1721 6
1728 6
1731 6
1739 6
1740 6
1746 6
1750 6
1759 6
1760 6
1790 6
1816 6
1842 6
1846 6
1852 6
1862 6
1871 6
1902 6
1930 6
1935 6
1941 6
1974 6
1975 6
1981 6
1983 6
1997 6
1998 6
2006 6
2022 6
2029 6
2060 6
2113 6
2119 6
2128 6
2132 6
2141 6
2153 6
2165 6
2191 6
2193 6
2240 6
2241 6
2297 6
2309 6
2315 6
2316 6
2318 6
2319 6
2332 6
2338 6
2340 6
2354 6
2362 6
2379 6
2394 6
2395 6
2420 6
2425 6
2440 6
2451 6
2454 6
2455 6
2462 6
2467 6
2468 6
2478 6
2499 6
2504 6
2511 6
2518 6
2546 6
2554 6
2556 6
2561 6
2589 6
2618 6
2639 6
2644 6
2651 6
2683 6
2694 6
2699 6
2709 6
2732 6
2744 6
2764 6
2767 6
2776 6
2789 6
2803 6
2807 6
2828 6
2848 6
2881 6
2903 6
2922 6
2928 6
2950 6
2957 6
2981 6
3001 6
3052 6
3062 6
3063 6
3067 6
3068 6
3070 6
3078 6
3114 6
3118 6
3126 6
3135 6
3145 6
3156 6
3157 6
3164 6
3169 6
3173 6
3213 6
3237 6
3245 6
3246 6
3287 6
3290 6
3298 6
3304 6
3313 6
3327 6
3351 6
3382 6
3396 6
3400 6
3408 6
3412 6
3413 6
3419 6
3478 6
3482 6
3515 6
3529 6
3531 6
3540 6
3572 6
3595 6
3598 6
3601 6
3613 6
3624 6
3629 6
3649 6
3651 6
3652 6
3665 6
3672 6
3697 6
3698 6
3735 6
3812 6
3815 6
3821 6
3826 6
3837 6
3862 6
3887 6
3911 6
3912 6
3923 6
3932 6
3987 6
3997 6
4002 6
4006 6
4017 6
4030 6
4032 6
4085 6
4087 6
4088 6
4113 6
4115 6
4120 6
4160 6
4181 6
4190 6
4212 6
4217 6
4219 6
4245 6
4256 6
4264 6
4281 6
4303 6
4335 6
4342 6
4386 6
4462 6
4491 6
4496 6
4505 6
4513 6
4524 6
4536 6
4556 6
4560 6
4575 6
4590 6
4596 6
4606 6
4610 6
4613 6
4621 6
4628 6
4631 6
4634 6
4641 6
4652 6
4654 6
4665 6
4675 6
4681 6
4706 6
4717 6
4750 6
4753 6
4775 6
4825 6
4862 6
4863 6
4875 6
4916 6
4990 6
4993 6
4998 6
5015 6
5016 6
5017 6
5020 6
5028 6
5040 6
5073 6
5081 6
5118 6
5128 6
5130 6
5143 6
5156 6
5169 6
5184 6
5199 6
5201 6
5209 6
5215 6
5223 6
5260 6
5267 6
5288 6
5302 6
5319 6
5330 6
5341 6
5343 6
5388 6
5432 6
5521 6
5543 6
5572 6
5590 6
5600 6
5609 6
5612 6
5659 6
5663 6
5675 6
5710 6
5718 6
5719 6
5770 6
5787 6
5791 6
5837 6
5857 6
5904 6
5961 6
5968 6
5999 6
6038 6
6043 6
6077 6
6087 6
6088 6
6095 6
6112 6
6150 6
6161 6
6163 6
6165 6
6169 6
6184 6
6204 6
6217 6
6238 6
6255 6
6261 6
6310 6
6311 6
6370 6
6380 6
6388 6
6409 6
6417 6
6440 6
6451 6
6468 6
6472 6
6525 6
6565 6
6577 6
6580 6
6711 6
6735 6
6746 6
6758 6
6769 6
6781 6
6791 6
6804 6
6833 6
6880 6
6882 6
6890 6
6994 6
7011 6
7041 6
7058 6
7112 6
7156 6
7157 6
7188 6
7197 6
7318 6
7340 6
7347 6
7349 6
7359 6
7366 6
7422 6
7423 6
7432 6
7461 6
7543 6
7606 6
7779 6
7783 6
7814 6
7821 6
7999 6
8015 6
8019 6
8097 6
8126 6
8135 6
8310 6
8348 6
8545 6
8564 6
8588 6
8679 6
8713 6
8720 6
8743 6
8908 6
8975 6
9002 6
9110 6
9128 6
9635 6
10159 6
10440 6
7 5
17 5
27 5
40 5
41 5
61 5
73 5
76 5
101 5
103 5
105 5
143 5
145 5
169 5
172 5
193 5
195 5
198 5
203 5
226 5
228 5
229 5
236 5
246 5
248 5
254 5
257 5
258 5
264 5
272 5
276 5
310 5
313 5
316 5
317 5
373 5
376 5
396 5
400 5
401 5
413 5
416 5
421 5
439 5
442 5
451 5
468 5
477 5
488 5
510 5
554 5
558 5
587 5
588 5
594 5
617 5
623 5
625 5
635 5
657 5
721 5
733 5
741 5
777 5
782 5
809 5
823 5
840 5
853 5
865 5
869 5
886 5
892 5
894 5
905 5
908 5
926 5
938 5
940 5
953 5
998 5
1022 5
1027 5
1061 5
1067 5
1084 5
1086 5
1125 5
1136 5
1156 5
1167 5
1178 5
1191 5
1199 5
1222 5
1225 5
1228 5
1235 5
1251 5
1262 5
1264 5
1266 5
1275 5
1314 5
1316 5
1318 5
1321 5
1344 5
1345 5
1362 5
1375 5
1377 5
1399 5
1405 5
1433 5
1439 5
1449 5
1450 5
1458 5
1468 5
1470 5
1473 5
1477 5
1486 5
1489 5
1500 5
1514 5
1515 5
1516 5
1520 5
1525 5
1545 5
1558 5
1560 5
1584 5
1588 5
1595 5
1604 5
1609 5
1612 5
1623 5
1627 5
1643 5
1655 5
1667 5
1680 5
1685 5
1689 5
1698 5
1704 5
1723 5
1725 5
1732 5
1738 5
1743 5
1744 5
1752 5
1758 5
1763 5
1766 5
1772 5
1776 5
1780 5
1794 5
1800 5
1820 5
1832 5
1839 5
1847 5
1851 5
1856 5
1870 5
1914 5
1938 5
1955 5
1982 5
1984 5
2026 5
2044 5
2066 5
2067 5
2069 5
2078 5
2094 5
2097 5
2102 5
2125 5
2131 5
2133 5
2137 5
2142 5
2146 5
2156 5
2170 5
2234 5
2239 5
2248 5
2257 5
2258 5
2262 5
2279 5
2298 5
2311 5
2342 5
2344 5
2345 5
2357 5
2391 5
2400 5
2419 5
2421 5
2432 5
2448 5
2453 5
2471 5
2475 5
2491 5
2492 5
2510 5
2512 5
2514 5
2516 5
2520 5
2531 5
2541 5
2585 5
2588 5
2592 5
2594 5
2595 5
2600 5
2603 5
2605 5
2680 5
2692 5
2720 5
2721 5
2722 5
2725 5
2745 5
2751 5
2752 5
2753 5
2769 5
2770 5
2796 5
2798 5
2806 5
2844 5
2857 5
2890 5
2892 5
2900 5
2901 5
2909 5
2937 5
2938 5
2944 5
2954 5
2978 5
2995 5
3006 5
3007 5
3016 5
3019 5
3020 5
3028 5
3037 5
3045 5
3046 5
3071 5
3088 5
3117 5
3120 5
3130 5
3133 5
3151 5
3154 5
3174 5
3178 5
3185 5
3207 5
3218 5
3225 5
3226 5
3236 5
3239 5
3249 5
3258 5
3270 5
3276 5
3281 5
3318 5
3320 5
3330 5
3336 5
3348 5
3378 5
3381 5
3407 5
3421 5
3426 5
3429 5
3474 5
3483 5
3507 5
3534 5
3571 5
3580 5
3581 5
3584 5
3630 5
3650 5
3658 5
3662 5
3676 5
3679 5
3682 5
3685 5
3690 5
3714 5
3734 5
3737 5
3738 5
3753 5
3754 5
3755 5
3764 5
3774 5
3776 5
3790 5
3791 5
3797 5
3808 5
3859 5
3875 5
3914 5
3916 5
3934 5
3945 5
3961 5
3984 5
3985 5
4016 5
4020 5
4024 5
4036 5
4042 5
4047 5
4049 5
4059 5
4095 5
4096 5
4099 5
4101 5
4111 5
4121 5
4122 5
4147 5
4171 5
4180 5
4183 5
4208 5
4209 5
4223 5
4225 5
4240 5
4244 5
4255 5
4257 5
4261 5
4286 5
4305 5
4313 5
4327 5
4340 5
4349 5
4356 5
4362 5
4394 5
4409 5
4411 5
4416 5
4417 5
4432 5
4488 5
4499 5
4526 5
4529 5
4537 5
4568 5
4572 5
4583 5
4593 5
4595 5
4602 5
4629 5
4630 5
4649 5
4660 5
4674 5
4680 5
4705 5
4727 5
4728 5
4736 5
4758 5
4779 5
4790 5
4792 5
4802 5
4821 5
4839 5
4936 5
4955 5
4958 5
4959 5
4965 5
4980 5
4985 5
4997 5
5018 5
5043 5
5046 5
5086 5
5116 5
5121 5
5123 5
5131 5
5132 5
5135 5
5137 5
5165 5
5172 5
5195 5
5214 5
5217 5
5224 5
5225 5
5231 5
5232 5
5233 5
5271 5
5282 5
5283 5
5289 5
5309 5
5325 5
5362 5
5369 5
5376 5
5386 5
5390 5
5408 5
5416 5
5424 5
5427 5
5447 5
5478 5
5499 5
5503 5
5504 5
5505 5
5520 5
5524 5
5542 5
5561 5
5584 5
5592 5
5594 5
5614 5
5615 5
5630 5
5642 5
5645 5
5662 5
5687 5
5693 5
5699 5
5747 5
5755 5
5769 5
5779 5
5809 5
5811 5
5818 5
5830 5
5841 5
5854 5
5871 5
5886 5
5894 5
5908 5
5913 5
5947 5
5958 5
5960 5
5967 5
6011 5
6017 5
6022 5
6029 5
6083 5
6096 5
6098 5
6104 5
6105 5
6107 5
6160 5
6168 5
6171 5
6175 5
6201 5
6203 5
6208 5
6214 5
6221 5
6244 5
6245 5
6260 5
6284 5
6285 5
6293 5
6302 5
6326 5
6338 5
6348 5
6356 5
6358 5
6364 5
6371 5
6390 5
6402 5
6420 5
6426 5
6434 5
6450 5
6461 5
6462 5
6469 5
6477 5
6493 5
6531 5
6573 5
6579 5
6607 5
6627 5
6647 5
6670 5
6683 5
6689 5
6691 5
6703 5
6780 5
6786 5
6808 5
6815 5
6842 5
6847 5
6864 5
6878 5
6881 5
6916 5
6927 5
6932 5
6992 5
7012 5
7034 5
7036 5
7038 5
7071 5
7086 5
7096 5
7098 5
7118 5
7130 5
7136 5
7174 5
7206 5
7219 5
7232 5
7239 5
7255 5
7257 5
7267 5
7283 5
7326 5
7333 5
7345 5
7370 5
7397 5
7398 5
7476 5
7521 5
7526 5
7530 5
7536 5
7554 5
7570 5
7591 5
7635 5
7692 5
7752 5
7788 5
7801 5
7806 5
7822 5
7826 5
7860 5
7882 5
7889 5
7910 5
7932 5
7940 5
7942 5
7971 5
8035 5
8040 5
8047 5
8053 5
8076 5
8086 5
8092 5
8144 5
8228 5
8301 5
8304 5
8309 5
8313 5
8318 5
8334 5
8350 5
8366 5
8401 5
8470 5
8482 5
8489 5
8563 5
8568 5
8623 5
8672 5
8685 5
8726 5
8797 5
8816 5
8868 5
8876 5
8897 5
8922 5
8992 5
9087 5
9109 5
9147 5
9216 5
9247 5
9252 5
9276 5
9282 5
9300 5
9319 5
9346 5
9357 5
9370 5
9395 5
9403 5
9536 5
9687 5
9707 5
9780 5
10022 5
10172 5
10183 5
1 4
10 4
15 4
19 4
20 4
23 4
36 4
37 4
38 4
42 4
55 4
84 4
100 4
108 4
109 4
142 4
152 4
191 4
208 4
211 4
232 4
247 4
268 4
280 4
281 4
286 4
289 4
291 4
304 4
333 4
337 4
339 4
351 4
359 4
361 4
364 4
369 4
372 4
384 4
389 4
391 4
423 4
428 4
438 4
461 4
473 4
475 4
476 4
480 4
482 4
483 4
504 4
506 4
508 4
518 4
526 4
532 4
533 4
539 4
589 4
591 4
603 4
604 4
622 4
641 4
654 4
666 4
683 4
688 4
691 4
723 4
739 4
749 4
758 4
768 4
791 4
814 4
825 4
827 4
829 4
830 4
839 4
847 4
849 4
859 4
866 4
878 4
879 4
888 4
890 4
891 4
909 4
922 4
927 4
941 4
955 4
957 4
963 4
967 4
969 4
979 4
1009 4
1012 4
1018 4
1063 4
1070 4
1080 4
1082 4
1083 4
1085 4
1100 4
1102 4
1110 4
1112 4
1121 4
1123 4
1126 4
1135 4
1140 4
1148 4
1150 4
1153 4
1159 4
1177 4
1192 4
1197 4
1204 4
1205 4
1219 4
1221 4
1227 4
1234 4
1257 4
1274 4
1276 4
1283 4
1294 4
1296 4
1303 4
1305 4
1311 4
1315 4
1319 4
1333 4
1352 4
1372 4
1376 4
1384 4
1393 4
1404 4
1410 4
1418 4
1424 4
1425 4
1452 4
1462 4
1476 4
1481 4
1485 4
1496 4
1513 4
1521 4
1541 4
1561 4
1565 4
1570 4
1581 4
1590 4
1597 4
1599 4
1605 4
1610 4
1628 4
1629 4
1631 4
1646 4
1660 4
1675 4
1676 4
1682 4
1690 4
1694 4
1705 4
1706 4
1710 4
1757 4
1786 4
1798 4
1799 4
1801 4
1827 4
1833 4
1838 4
1853 4
1857 4
1861 4
1891 4
1896 4
1897 4
1909 4
1912 4
1917 4
1947 4
1954 4
1961 4
1976 4
2005 4
2031 4
2042 4
2050 4
2051 4
2070 4
2076 4
2092 4
2098 4
2108 4
2117 4
2124 4
2159 4
2160 4
2162 4
2173 4
2175 4
2178 4
2202 4
2207 4
2208 4
2220 4
2227 4
2237 4
2238 4
2254 4
2270 4
2289 4
2292 4
2299 4
2333 4
2337 4
2339 4
2347 4
2351 4
2356 4
2363 4
2381 4
2386 4
2393 4
2410 4
2413 4
2429 4
2437 4
2473 4
2493 4
2521 4
2522 4
2535 4
2537 4
2539 4
2545 4
2550 4
2555 4
2567 4
2571 4
2574 4
2578 4
2579 4
2590 4
2621 4
2623 4
2626 4
2629 4
2633 4
2675 4
2686 4
2727 4
2728 4
2729 4
2743 4
2750 4
2755 4
2771 4
2772 4
2773 4
2777 4
2781 4
2794 4
2797 4
2808 4
2823 4
2826 4
2845 4
2849 4
2851 4
2855 4
2856 4
2858 4
2865 4
2870 4
2877 4
2883 4
2889 4
2893 4
2897 4
2899 4
2906 4
2924 4
2925 4
2941 4
2963 4
2969 4
2973 4
2977 4
2983 4
2998 4
3000 4
3012 4
3024 4
3027 4
3033 4
3058 4
3061 4
3072 4
3085 4
3086 4
3096 4
3099 4
3103 4
3106 4
3116 4
3125 4
3131 4
3139 4
3144 4
3148 4
3153 4
3165 4
3175 4
3208 4
3220 4
3221 4
3224 4
3282 4
3292 4
3295 4
3306 4
3308 4
3316 4
3338 4
3341 4
3364 4
3375 4
3386 4
3389 4
3390 4
3394 4
3420 4
3427 4
3440 4
3443 4
3459 4
3481 4
3485 4
3492 4
3504 4
3522 4
3527 4
3537 4
3544 4
3549 4
3554 4
3607 4
3610 4
3615 4
3616 4
3619 4
3635 4
3640 4
3645 4
3660 4
3664 4
3669 4
3683 4
3687 4
3699 4
3707 4
3715 4
3729 4
3739 4
3742 4
3748 4
3758 4
3803 4
3810 4
3838 4
3839 4
3842 4
3843 4
3845 4
3847 4
3865 4
3867 4
3893 4
3897 4
3904 4
3909 4
3910 4
3913 4
3917 4
3921 4
3924 4
3926 4
3928 4
3933 4
3936 4
3950 4
3954 4
3955 4
3968 4
3971 4
3983 4
3989 4
3992 4
3995 4
3998 4
4005 4
4015 4
4031 4
4033 4
4034 4
4038 4
4045 4
4053 4
4055 4
4058 4
4062 4
4084 4
4105 4
4116 4
4117 4
4129 4
4138 4
4140 4
4155 4
4158 4
4162 4
4174 4
4184 4
4186 4
4188 4
4192 4
4204 4
4230 4
4239 4
4241 4
4246 4
4248 4
4254 4
4262 4
4268 4
4271 4
4277 4
4279 4
4289 4
4294 4
4307 4
4309 4
4318 4
4321 4
4322 4
4333 4
4343 4
4354 4
4359 4
4361 4
4364 4
4370 4
4378 4
4395 4
4397 4
4404 4
4418 4
4419 4
4420 4
4425 4
4427 4
4429 4
4434 4
4461 4
4481 4
4492 4
4494 4
4495 4
4497 4
4504 4
4507 4
4511 4
4566 4
4571 4
4577 4
4580 4
4591 4
4592 4
4601 4
4605 4
4672 4
4683 4
4688 4
4691 4
4692 4
4709 4
4718 4
4731 4
4732 4
4737 4
4743 4
4757 4
4800 4
4803 4
4807 4
4816 4
4818 4
4824 4
4829 4
4844 4
4853 4
4854 4
4866 4
4868 4
4874 4
4903 4
4907 4
4918 4
4950 4
4952 4
4960 4
4967 4
4977 4
4981 4
4999 4
5002 4
5008 4
5009 4
5019 4
5025 4
5031 4
5032 4
5036 4
5048 4
5051 4
5065 4
5066 4
5067 4
5075 4
5079 4
5083 4
5088 4
5091 4
5142 4
5146 4
5147 4
5160 4
5164 4
5173 4
5179 4
5181 4
5185 4
5200 4
5205 4
5218 4
5228 4
5229 4
5238 4
5252 4
5258 4
5259 4
5261 4
5270 4
5279 4
5285 4
5295 4
5307 4
5310 4
5336 4
5337 4
5342 4
5349 4
5354 4
5363 4
5367 4
5384 4
5396 4
5398 4
5401 4
5412 4
5433 4
5439 4
5456 4
5468 4
5476 4
5477 4
5485 4
5491 4
5510 4
5511 4
5518 4
5529 4
5530 4
5533 4
5546 4
5547 4
5553 4
5557 4
5560 4
5569 4
5575 4
5577 4
5606 4
5607 4
5616 4
5617 4
5620 4
5635 4
5640 4
5643 4
5664 4
5690 4
5692 4
5696 4
5707 4
5721 4
5725 4
5740 4
5757 4
5766 4
5771 4
5772 4
5789 4
5798 4
5800 4
5806 4
5807 4
5820 4
5824 4
5850 4
5867 4
5878 4
5885 4
5922 4
5928 4
5932 4
5935 4
5940 4
5945 4
5946 4
5950 4
5964 4
5985 4
5995 4
6015 4
6016 4
6018 4
6026 4
6031 4
6032 4
6034 4
6048 4
6050 4
6053 4
6061 4
6066 4
6081 4
6090 4
6093 4
6100 4
6101 4
6102 4
6120 4
6121 4
6122 4
6125 4
6126 4
6127 4
6148 4
6149 4
6162 4
6167 4
6178 4
6180 4
6186 4
6196 4
6202 4
6212 4
6223 4
6230 4
6253 4
6254 4
6263 4
6265 4
6275 4
6292 4
6299 4
6300 4
6303 4
6308 4
6315 4
6322 4
6334 4
6339 4
6382 4
6386 4
6391 4
6395 4
6408 4
6423 4
6452 4
6464 4
6466 4
6470 4
6504 4
6543 4
6544 4
6556 4
6557 4
6560 4
6569 4
6583 4
6584 4
6586 4
6613 4
6614 4
6615 4
6636 4
6656 4
6666 4
6669 4
6671 4
6676 4
6687 4
6688 4
6696 4
6705 4
6726 4
6727 4
6747 4
6749 4
6755 4
6771 4
6773 4
6784 4
6789 4
6790 4
6793 4
6794 4
6802 4
6803 4
6843 4
6853 4
6883 4
6886 4
6891 4
6899 4
6904 4
6939 4
6950 4
6974 4
6985 4
7007 4
7010 4
7015 4
7016 4
7019 4
7029 4
7037 4
7067 4
7128 4
7131 4
7138 4
7146 4
7160 4
7170 4
7194 4
7221 4
7225 4
7270 4
7275 4
7277 4
7287 4
7315 4
7327 4
7328 4
7335 4
7361 4
7373 4
7376 4
7399 4
7420 4
7426 4
7434 4
7438 4
7446 4
7475 4
7485 4
7486 4
7487 4
7490 4
7522 4
7545 4
7567 4
7595 4
7597 4
7601 4
7607 4
7608 4
7625 4
7643 4
7647 4
7648 4
7650 4
7662 4
7677 4
7687 4
7697 4
7705 4
7708 4
7710 4
7719 4
7728 4
7748 4
7796 4
7832 4
7836 4
7840 4
7843 4
7854 4
7872 4
7876 4
7879 4
7936 4
7939 4
7954 4
7960 4
7972 4
7983 4
7994 4
8027 4
8063 4
8104 4
8107 4
8120 4
8124 4
8160 4
8161 4
8169 4
8183 4
8207 4
8217 4
8222 4
8225 4
8247 4
8278 4
8282 4
8293 4
8314 4
8375 4
8409 4
8425 4
8437 4
8484 4
8490 4
8495 4
8553 4
8581 4
8585 4
8596 4
8605 4
8633 4
8675 4
8684 4
8710 4
8728 4
8738 4
8744 4
8758 4
8763 4
8764 4
8766 4
8791 4
8805 4
8810 4
8812 4
8819 4
8828 4
8834 4
8843 4
8845 4
8854 4
8875 4
8934 4
8939 4
8942 4
8966 4
8968 4
8974 4
8977 4
8980 4
8998 4
9003 4
9018 4
9021 4
9024 4
9068 4
9086 4
9093 4
9094 4
9112 4
9113 4
9138 4
9144 4
9168 4
9171 4
9198 4
9214 4
9265 4
9301 4
9322 4
9324 4
9358 4
9368 4
9374 4
9377 4
9401 4
9410 4
9570 4
9614 4
9636 4
9665 4
9671 4
9673 4
9675 4
9717 4
9720 4
9722 4
9738 4
9740 4
9744 4
9774 4
9781 4
9786 4
9826 4
9867 4
9894 4
9916 4
9923 4
9954 4
9960 4
9970 4
9974 4
10090 4
10143 4
10288 4
10435 4
10519 4
14 3
50 3
51 3
63 3
70 3
72 3
77 3
78 3
80 3
88 3
122 3
123 3
154 3
160 3
173 3
184 3
194 3
196 3
201 3
214 3
219 3
251 3
279 3
284 3
285 3
287 3
295 3
298 3
299 3
305 3
306 3
309 3
324 3
338 3
349 3
355 3
380 3
383 3
386 3
420 3
426 3
435 3
445 3
450 3
474 3
485 3
501 3
511 3
513 3
523 3
527 3
535 3
556 3
571 3
597 3
601 3
611 3
612 3
618 3
619 3
629 3
676 3
678 3
684 3
689 3
712 3
713 3
725 3
744 3
745 3
755 3
771 3
779 3
785 3
800 3
802 3
807 3
808 3
811 3
820 3
821 3
828 3
836 3
842 3
843 3
848 3
861 3
862 3
872 3
876 3
884 3
898 3
902 3
914 3
917 3
930 3
942 3
956 3
971 3
972 3
980 3
990 3
1013 3
1019 3
1029 3
1030 3
1034 3
1046 3
1052 3
1065 3
1095 3
1099 3
1106 3
1117 3
1119 3
1128 3
1132 3
1138 3
1154 3
1184 3
1201 3
1212 3
1224 3
1236 3
1238 3
1242 3
1265 3
1269 3
1286 3
1291 3
1297 3
1300 3
1313 3
1332 3
1337 3
1339 3
1357 3
1364 3
1385 3
1388 3
1396 3
1397 3
1403 3
1415 3
1427 3
1442 3
1443 3
1444 3
1448 3
1454 3
1460 3
1492 3
1493 3
1499 3
1508 3
1518 3
1522 3
1544 3
1546 3
1556 3
1563 3
1564 3
1566 3
1578 3
1585 3
1596 3
1601 3
1608 3
1620 3
1622 3
1630 3
1637 3
1641 3
1644 3
1677 3
1681 3
1691 3
1709 3
1712 3
1733 3
1742 3
1745 3
1748 3
1767 3
1782 3
1791 3
1793 3
1796 3
1808 3
1811 3
1815 3
1819 3
1822 3
1825 3
1828 3
1831 3
1840 3
1843 3
1848 3
1849 3
1866 3
1888 3
1898 3
1916 3
1931 3
1966 3
1967 3
1987 3
1993 3
1994 3
1995 3
2013 3
2015 3
2016 3
2021 3
2024 3
2033 3
2039 3
2043 3
2045 3
2052 3
2057 3
2071 3
2072 3
2079 3
2082 3
2085 3
2111 3
2138 3
2155 3
2168 3
2174 3
2194 3
2201 3
2216 3
2233 3
2235 3
2242 3
2256 3
2267 3
2273 3
2278 3
2280 3
2281 3
2304 3
2307 3
2308 3
2312 3
2324 3
2326 3
2336 3
2348 3
2353 3
2355 3
2361 3
2371 3
2372 3
2374 3
2375 3
2376 3
2402 3
2408 3
2411 3
2414 3
2416 3
2427 3
2428 3
2430 3
2438 3
2443 3
2449 3
2450 3
2452 3
2463 3
2474 3
2476 3
2479 3
2487 3
2489 3
2494 3
2496 3
2498 3
2506 3
2507 3
2508 3
2515 3
2525 3
2542 3
2547 3
2557 3
2566 3
2573 3
2581 3
2586 3
2587 3
2601 3
2606 3
2627 3
2637 3
2649 3
2653 3
2656 3
2659 3
2666 3
2667 3
2679 3
2689 3
2691 3
2696 3
2698 3
2713 3
2716 3
2726 3
2756 3
2779 3
2786 3
2793 3
2809 3
2822 3
2825 3
2831 3
2841 3
2842 3
2852 3
2859 3
2860 3
2874 3
2876 3
2902 3
2917 3
2923 3
2932 3
2939 3
2940 3
2943 3
2949 3
2953 3
2986 3
2990 3
3009 3
3022 3
3036 3
3041 3
3054 3
3057 3
3073 3
3074 3
3077 3
3087 3
3090 3
3097 3
3102 3
3109 3
3111 3
3112 3
3122 3
3123 3
3146 3
3160 3
3162 3
3168 3
3170 3
3171 3
3180 3
3191 3
3193 3
3229 3
3230 3
3250 3
3252 3
3256 3
3257 3
3260 3
3261 3
3272 3
3278 3
3284 3
3293 3
3296 3
3314 3
3315 3
3328 3
3329 3
3337 3
3340 3
3349 3
3350 3
3357 3
3359 3
3368 3
3371 3
3372 3
3379 3
3387 3
3391 3
3404 3
3405 3
3411 3
3414 3
3425 3
3435 3
3441 3
3442 3
3450 3
3470 3
3473 3
3477 3
3479 3
3517 3
3518 3
3542 3
3545 3
3550 3
3552 3
3555 3
3557 3
3562 3
3570 3
3573 3
3577 3
3593 3
3603 3
3604 3
3606 3
3609 3
3611 3
3617 3
3618 3
3623 3
3628 3
3631 3
3637 3
3647 3
3655 3
3686 3
3692 3
3696 3
3701 3
3710 3
3719 3
3731 3
3732 3
3741 3
3744 3
3746 3
3752 3
3756 3
3757 3
3760 3
3769 3
3783 3
3785 3
3786 3
3789 3
3804 3
3805 3
3813 3
3828 3
3841 3
3848 3
3850 3
3857 3
3877 3
3880 3
3888 3
3899 3
3906 3
3919 3
3927 3
3942 3
3943 3
3944 3
3953 3
3963 3
3972 3
3975 3
3980 3
3990 3
3994 3
4008 3
4013 3
4040 3
4044 3
4051 3
4056 3
4066 3
4083 3
4090 3
4100 3
4102 3
4103 3
4107 3
4108 3
4109 3
4112 3
4123 3
4135 3
4145 3
4148 3
4152 3
4154 3
4161 3
4176 3
4179 3
4182 3
4189 3
4194 3
4216 3
4227 3
4233 3
4235 3
4242 3
4250 3
4259 3
4260 3
4270 3
4272 3
4280 3
4292 3
4297 3
4304 3
4306 3
4308 3
4310 3
4311 3
4312 3
4324 3
4326 3
4328 3
4329 3
4330 3
4331 3
4337 3
4344 3
4345 3
4350 3
4357 3
4365 3
4371 3
4376 3
4377 3
4382 3
4384 3
4390 3
4396 3
4398 3
4405 3
4435 3
4451 3
4459 3
4467 3
4483 3
4502 3
4509 3
4515 3
4519 3
4522 3
4534 3
4542 3
4544 3
4548 3
4549 3
4550 3
4551 3
4553 3
4562 3
4586 3
4587 3
4603 3
4608 3
4637 3
4648 3
4650 3
4658 3
4662 3
4678 3
4693 3
4695 3
4708 3
4714 3
4749 3
4751 3
4752 3
4760 3
4761 3
4767 3
4777 3
4780 3
4787 3
4793 3
4811 3
4813 3
4814 3
4822 3
4823 3
4826 3
4832 3
4837 3
4838 3
4855 3
4858 3
4867 3
4869 3
4886 3
4900 3
4905 3
4912 3
4917 3
4919 3
4932 3
4948 3
4971 3
4972 3
4982 3
4983 3
4986 3
4989 3
4992 3
5006 3
5029 3
5030 3
5038 3
5044 3
5050 3
5052 3
5068 3
5070 3
5071 3
5084 3
5095 3
5109 3
5110 3
5113 3
5125 3
5134 3
5140 3
5145 3
5157 3
5166 3
5191 3
5194 3
5203 3
5207 3
5212 3
5213 3
5234 3
5237 3
5254 3
5257 3
5264 3
5266 3
5276 3
5292 3
5298 3
5306 3
5331 3
5333 3
5339 3
5345 3
5351 3
5355 3
5357 3
5371 3
5397 3
5407 3
5415 3
5425 3
5434 3
5440 3
5441 3
5445 3
5450 3
5458 3
5461 3
5479 3
5480 3
5506 3
5517 3
5526 3
5536 3
5562 3
5565 3
5568 3
5574 3
5579 3
5591 3
5598 3
5604 3
5610 3
5622 3
5636 3
5637 3
5657 3
5660 3
5674 3
5682 3
5703 3
5709 3
5714 3
5715 3
5717 3
5724 3
5739 3
5743 3
5744 3
5746 3
5754 3
5781 3
5784 3
5793 3
5808 3
5815 3
5817 3
5819 3
5832 3
5836 3
5838 3
5839 3
5849 3
5852 3
5863 3
5872 3
5874 3
5876 3
5877 3
5881 3
5883 3
5888 3
5890 3
5893 3
5897 3
5898 3
5907 3
5909 3
5911 3
5915 3
5918 3
5926 3
5936 3
5951 3
5953 3
5996 3
6000 3
6002 3
6014 3
6019 3
6042 3
6049 3
6052 3
6065 3
6078 3
6079 3
6080 3
6084 3
6106 3
6114 3
6116 3
6117 3
6129 3
6138 3
6172 3
6193 3
6206 3
6207 3
6209 3
6210 3
6225 3
6239 3
6256 3
6257 3
6269 3
6271 3
6281 3
6283 3
6304 3
6306 3
6309 3
6314 3
6328 3
6330 3
6336 3
6350 3
6374 3
6375 3
6384 3
6385 3
6392 3
6393 3
6403 3
6407 3
6430 3
6431 3
6441 3
6444 3
6448 3
6455 3
6456 3
6474 3
6480 3
6491 3
6496 3
6510 3
6511 3
6514 3
6524 3
6532 3
6533 3
6536 3
6549 3
6555 3
6562 3
6572 3
6576 3
6587 3
6609 3
6618 3
6625 3
6643 3
6650 3
6654 3
6662 3
6675 3
6678 3
6681 3
6682 3
6700 3
6707 3
6716 3
6719 3
6725 3
6734 3
6736 3
6744 3
6748 3
6753 3
6814 3
6821 3
6825 3
6839 3
6848 3
6857 3
6859 3
6866 3
6874 3
6897 3
6900 3
6917 3
6924 3
6931 3
6944 3
6946 3
6953 3
6968 3
6970 3
6978 3
6979 3
6986 3
6991 3
7003 3
7004 3
7005 3
7021 3
7030 3
7031 3
7033 3
7055 3
7060 3
7061 3
7078 3
7095 3
7101 3
7106 3
7107 3
7108 3
7126 3
7127 3
7135 3
7152 3
7154 3
7159 3
7169 3
7173 3
7177 3
7178 3
7193 3
7195 3
7199 3
7223 3
7230 3
7236 3
7240 3
7245 3
7249 3
7256 3
7262 3
7269 3
7278 3
7280 3
7282 3
7329 3
7330 3
7334 3
7353 3
7355 3
7360 3
7369 3
7374 3
7379 3
7384 3
7386 3
7387 3
7405 3
7412 3
7429 3
7433 3
7435 3
7451 3
7464 3
7468 3
7472 3
7496 3
7507 3
7509 3
7510 3
7511 3
7514 3
7517 3
7520 3
7524 3
7535 3
7541 3
7542 3
7547 3
7560 3
7563 3
7565 3
7569 3
7581 3
7584 3
7605 3
7609 3
7611 3
7615 3
7624 3
7627 3
7631 3
7639 3
7661 3
7669 3
7671 3
7674 3
7679 3
7682 3
7703 3
7709 3
7734 3
7736 3
7737 3
7742 3
7745 3
7751 3
7805 3
7807 3
7808 3
7823 3
7830 3
7833 3
7842 3
7847 3
7851 3
7859 3
7874 3
7875 3
7880 3
7884 3
7892 3
7900 3
7905 3
7917 3
7921 3
7924 3
7929 3
7934 3
7947 3
7951 3
7955 3
7957 3
7959 3
7965 3
7966 3
7980 3
7997 3
7998 3
8000 3
8001 3
8005 3
8009 3
8010 3
8011 3
8012 3
8033 3
8037 3
8038 3
8042 3
8043 3
8055 3
8059 3
8070 3
8098 3
8100 3
8109 3
8122 3
8127 3
8140 3
8142 3
8145 3
8157 3
8170 3
8184 3
8196 3
8203 3
8210 3
8227 3
8250 3
8265 3
8267 3
8277 3
8280 3
8291 3
8325 3
8333 3
8338 3
8340 3
8351 3
8354 3
8357 3
8359 3
8360 3
8365 3
8381 3
8383 3
8386 3
8387 3
8390 3
8406 3
8414 3
8415 3
8417 3
8420 3
8423 3
8427 3
8434 3
8435 3
8454 3
8457 3
8459 3
8461 3
8467 3
8488 3
8491 3
8511 3
8519 3
8520 3
8521 3
8525 3
8528 3
8536 3
8546 3
8551 3
8562 3
8569 3
8571 3
8576 3
8577 3
8579 3
8586 3
8587 3
8590 3
8594 3
8612 3
8619 3
8624 3
8631 3
8641 3
8642 3
8655 3
8660 3
8662 3
8663 3
8670 3
8673 3
8687 3
8692 3
8699 3
8700 3
8714 3
8715 3
8735 3
8745 3
8748 3
8751 3
8775 3
8776 3
8779 3
8781 3
8787 3
8790 3
8793 3
8827 3
8832 3
8839 3
8842 3
8857 3
8862 3
8869 3
8870 3
8873 3
8888 3
8890 3
8892 3
8907 3
8954 3
8958 3
8962 3
8978 3
8983 3
8988 3
8989 3
8995 3
9000 3
9010 3
9034 3
9040 3
9056 3
9060 3
9079 3
9083 3
9089 3
9091 3
9092 3
9106 3
9146 3
9176 3
9210 3
9217 3
9223 3
9226 3
9229 3
9237 3
9263 3
9271 3
9273 3
9296 3
9297 3
9302 3
9303 3
9309 3
9321 3
9343 3
9353 3
9378 3
9381 3
9391 3
9421 3
9450 3
9453 3
9454 3
9460 3
9464 3
9472 3
9479 3
9480 3
9482 3
9490 3
9495 3
9499 3
9501 3
9503 3
9505 3
9508 3
9512 3
9523 3
9525 3
9569 3
9587 3
9615 3
9628 3
9629 3
9634 3
9639 3
9658 3
9669 3
9686 3
9704 3
9705 3
9714 3
9732 3
9745 3
9746 3
9750 3
9755 3
9757 3
9784 3
9808 3
9821 3
9836 3
9849 3
9859 3
9860 3
9874 3
9886 3
9907 3
9908 3
9953 3
9965 3
9986 3
9994 3
9999 3
10041 3
10045 3
10054 3
10057 3
10080 3
10081 3
10120 3
10122 3
10126 3
10148 3
10149 3
10177 3
10179 3
10185 3
10193 3
10194 3
10202 3
10243 3
10249 3
10257 3
10263 3
10290 3
10315 3
10325 3
10371 3
10398 3
10477 3
10522 3
10601 3
10626 3
10671 3
10719 3
12 2
29 2
47 2
59 2
68 2
95 2
112 2
113 2
126 2
139 2
151 2
158 2
166 2
175 2
181 2
197 2
215 2
227 2
235 2
242 2
269 2
274 2
278 2
294 2
300 2
318 2
321 2
334 2
352 2
353 2
358 2
362 2
363 2
370 2
377 2
387 2
404 2
415 2
418 2
419 2
427 2
448 2
449 2
457 2
458 2
460 2
464 2
484 2
489 2
492 2
507 2
509 2
522 2
524 2
528 2
530 2
531 2
543 2
549 2
552 2
553 2
559 2
573 2
579 2
584 2
609 2
632 2
667 2
668 2
671 2
673 2
681 2
690 2
706 2
707 2
740 2
773 2
775 2
783 2
792 2
798 2
799 2
806 2
822 2
844 2
857 2
873 2
877 2
882 2
896 2
899 2
916 2
924 2
950 2
951 2
974 2
991 2
994 2
997 2
1000 2
1007 2
1010 2
1017 2
1032 2
1033 2
1040 2
1044 2
1048 2
1059 2
1097 2
1104 2
1113 2
1122 2
1127 2
1129 2
1133 2
1174 2
1180 2
1187 2
1188 2
1209 2
1213 2
1214 2
1215 2
1241 2
1246 2
1250 2
1260 2
1263 2
1290 2
1293 2
1302 2
1307 2
1312 2
1326 2
1335 2
1348 2
1349 2
1350 2
1351 2
1361 2
1366 2
1374 2
1378 2
1379 2
1389 2
1402 2
1407 2
1422 2
1445 2
1446 2
1447 2
1457 2
1463 2
1464 2
1466 2
1484 2
1494 2
1495 2
1497 2
1512 2
1523 2
1526 2
1531 2
1543 2
1554 2
1557 2
1569 2
1572 2
1602 2
1619 2
1621 2
1661 2
1662 2
1668 2
1672 2
1683 2
1686 2
1688 2
1696 2
1703 2
1715 2
1720 2
1727 2
1737 2
1754 2
1762 2
1775 2
1781 2
1783 2
1804 2
1812 2
1821 2
1837 2
1854 2
1859 2
1864 2
1881 2
1894 2
1895 2
1924 2
1925 2
1928 2
1937 2
1939 2
1944 2
1950 2
1965 2
1972 2
1977 2
1979 2
1980 2
1989 2
1992 2
1999 2
2004 2
2009 2
2014 2
2020 2
2030 2
2040 2
2049 2
2054 2
2055 2
2056 2
2059 2
2061 2
2065 2
2073 2
2081 2
2083 2
2093 2
2100 2
2109 2
2121 2
2122 2
2130 2
2135 2
2147 2
2150 2
2161 2
2163 2
2167 2
2180 2
2184 2
2200 2
2203 2
2205 2
2209 2
2214 2
2222 2
2224 2
2229 2
2246 2
2247 2
2249 2
2252 2
2255 2
2261 2
2263 2
2264 2
2269 2
2271 2
2282 2
2291 2
2293 2
2306 2
2314 2
2327 2
2328 2
2366 2
2370 2
2390 2
2392 2
2399 2
2406 2
2417 2
2422 2
2423 2
2424 2
2426 2
2434 2
2435 2
2441 2
2442 2
2445 2
2446 2
2460 2
2461 2
2470 2
2480 2
2481 2
2482 2
2490 2
2509 2
2530 2
2540 2
2548 2
2551 2
2559 2
2563 2
2572 2
2577 2
2583 2
2591 2
2612 2
2614 2
2631 2
2638 2
2641 2
2642 2
2643 2
2650 2
2654 2
2664 2
2668 2
2669 2
2671 2
2673 2
2678 2
2681 2
2682 2
2685 2
2690 2
2700 2
2707 2
2711 2
2712 2
2715 2
2717 2
2736 2
2739 2
2740 2
2748 2
2760 2
2761 2
2762 2
2774 2
2783 2
2784 2
2791 2
2792 2
2795 2
2801 2
2802 2
2815 2
2818 2
2821 2
2829 2
2835 2
2838 2
2843 2
2850 2
2861 2
2871 2
2872 2
2880 2
2886 2
2891 2
2905 2
2911 2
2919 2
2920 2
2921 2
2933 2
2942 2
2947 2
2948 2
2956 2
2979 2
2980 2
2982 2
2994 2
2999 2
3003 2
3014 2
3021 2
3023 2
3035 2
3040 2
3044 2
3048 2
3050 2
3051 2
3059 2
3064 2
3079 2
3089 2
3092 2
3098 2
3115 2
3129 2
3136 2
3142 2
3143 2
3147 2
3149 2
3155 2
3163 2
3176 2
3177 2
3182 2
3186 2
3189 2
3194 2
3195 2
3197 2
3201 2
3203 2
3204 2
3209 2
3211 2
3215 2
3217 2
3219 2
3227 2
3231 2
3232 2
3233 2
3235 2
3240 2
3242 2
3243 2
3248 2
3251 2
3262 2
3265 2
3266 2
3269 2
3285 2
3288 2
3289 2
3291 2
3303 2
3310 2
3317 2
3321 2
3325 2
3326 2
3342 2
3347 2
3352 2
3356 2
3360 2
3362 2
3370 2
3380 2
3402 2
3406 2
3409 2
3415 2
3424 2
3430 2
3437 2
3449 2
3455 2
3464 2
3465 2
3466 2
3467 2
3471 2
3472 2
3476 2
3487 2
3488 2
3489 2
3495 2
3500 2
3503 2
3508 2
3511 2
3512 2
3513 2
3516 2
3519 2
3528 2
3536 2
3541 2
3551 2
3558 2
3559 2
3575 2
3579 2
3582 2
3586 2
3587 2
3594 2
3597 2
3599 2
3602 2
3605 2
3608 2
3622 2
3633 2
3641 2
3646 2
3661 2
3675 2
3677 2
3688 2
3689 2
3703 2
3704 2
3708 2
3718 2
3724 2
3733 2
3736 2
3750 2
3759 2
3770 2
3779 2
3792 2
3799 2
3800 2
3807 2
3814 2
3819 2
3822 2
3824 2
3825 2
3830 2
3832 2
3836 2
3840 2
3844 2
3849 2
3852 2
3853 2
3854 2
3855 2
3869 2
3870 2
3873 2
3874 2
3878 2
3879 2
3883 2
3884 2
3894 2
3895 2
3900 2
3902 2
3915 2
3922 2
3938 2
3947 2
3948 2
3951 2
3957 2
3962 2
3967 2
3986 2
3996 2
4000 2
4007 2
4010 2
4012 2
4014 2
4019 2
4022 2
4027 2
4041 2
4048 2
4060 2
4064 2
4067 2
4080 2
4081 2
4082 2
4091 2
4092 2
4110 2
4119 2
4126 2
4133 2
4137 2
4144 2
4149 2
4150 2
4165 2
4172 2
4175 2
4197 2
4198 2
4205 2
4213 2
4231 2
4232 2
4243 2
4258 2
4263 2
4275 2
4276 2
4283 2
4287 2
4288 2
4290 2
4296 2
4298 2
4300 2
4301 2
4302 2
4317 2
4319 2
4320 2
4325 2
4341 2
4346 2
4347 2
4348 2
4360 2
4387 2
4392 2
4402 2
4410 2
4412 2
4413 2
4414 2
4415 2
4422 2
4423 2
4428 2
4430 2
4433 2
4436 2
4438 2
4445 2
4447 2
4448 2
4460 2
4470 2
4471 2
4475 2
4479 2
4482 2
4493 2
4501 2
4510 2
4512 2
4516 2
4518 2
4520 2
4523 2
4527 2
4531 2
4532 2
4538 2
4569 2
4570 2
4573 2
4582 2
4585 2
4588 2
4589 2
4599 2
4600 2
4607 2
4615 2
4616 2
4618 2
4619 2
4620 2
4632 2
4636 2
4639 2
4642 2
4645 2
4646 2
4656 2
4657 2
4666 2
4677 2
4679 2
4684 2
4686 2
4689 2
4697 2
4700 2
4701 2
4702 2
4704 2
4710 2
4712 2
4713 2
4720 2
4721 2
4722 2
4724 2
4725 2
4733 2
4744 2
4747 2
4771 2
4774 2
4776 2
4778 2
4783 2
4788 2
4789 2
4812 2
4815 2
4817 2
4830 2
4831 2
4835 2
4836 2
4845 2
4848 2
4849 2
4856 2
4857 2
4871 2
4872 2
4873 2
4888 2
4909 2
4910 2
4913 2
4920 2
4921 2
4922 2
4926 2
4927 2
4928 2
4930 2
4931 2
4939 2
4940 2
4943 2
4944 2
4949 2
4956 2
4962 2
4964 2
4969 2
4979 2
4984 2
4988 2
4994 2
5007 2
5011 2
5013 2
5023 2
5041 2
5045 2
5054 2
5055 2
5062 2
5069 2
5074 2
5089 2
5090 2
5093 2
5107 2
5111 2
5114 2
5115 2
5119 2
5120 2
5124 2
5126 2
5129 2
5144 2
5150 2
5151 2
5153 2
5158 2
5161 2
5180 2
5182 2
5186 2
5189 2
5190 2
5193 2
5196 2
5197 2
5211 2
5221 2
5227 2
5236 2
5240 2
5241 2
5242 2
5247 2
5255 2
5256 2
5269 2
5272 2
5273 2
5275 2
5277 2
5287 2
5290 2
5296 2
5305 2
5308 2
5316 2
5317 2
5318 2
5320 2
5323 2
5326 2
5334 2
5335 2
5344 2
5352 2
5361 2
5365 2
5375 2
5377 2
5378 2
5379 2
5383 2
5392 2
5399 2
5402 2
5409 2
5411 2
5413 2
5417 2
5420 2
5426 2
5429 2
5430 2
5431 2
5435 2
5452 2
5455 2
5460 2
5465 2
5466 2
5467 2
5469 2
5470 2
5472 2
5473 2
5474 2
5483 2
5501 2
5502 2
5509 2
5514 2
5515 2
5516 2
5522 2
5523 2
5531 2
5532 2
5534 2
5537 2
5540 2
5556 2
5558 2
5563 2
5571 2
5576 2
5581 2
5583 2
5585 2
5587 2
5588 2
5595 2
5601 2
5619 2
5627 2
5628 2
5633 2
5644 2
5648 2
5650 2
5661 2
5667 2
5670 2
5684 2
5691 2
5698 2
5702 2
5705 2
5706 2
5708 2
5712 2
5722 2
5726 2
5727 2
5729 2
5732 2
5736 2
5751 2
5758 2
5763 2
5773 2
5774 2
5777 2
5780 2
5785 2
5790 2
5792 2
5794 2
5796 2
5797 2
5802 2
5803 2
5813 2
5822 2
5825 2
5826 2
5831 2
5835 2
5842 2
5848 2
5869 2
5882 2
5891 2
5899 2
5901 2
5902 2
5905 2
5917 2
5921 2
5924 2
5931 2
5933 2
5942 2
5944 2
5956 2
5962 2
5963 2
5970 2
5982 2
6001 2
6010 2
6025 2
6030 2
6033 2
6040 2
6045 2
6051 2
6055 2
6057 2
6058 2
6062 2
6064 2
6070 2
6071 2
6072 2
6073 2
6075 2
6076 2
6085 2
6086 2
6111 2
6115 2
6119 2
6128 2
6134 2
6135 2
6142 2
6143 2
6145 2
6147 2
6170 2
6173 2
6174 2
6176 2
6179 2
6181 2
6185 2
6188 2
6189 2
6191 2
6194 2
6200 2
6205 2
6213 2
6218 2
6219 2
6220 2
6226 2
6231 2
6234 2
6247 2
6249 2
6258 2
6259 2
6264 2
6267 2
6277 2
6278 2
6290 2
6296 2
6301 2
6305 2
6312 2
6313 2
6318 2
6319 2
6325 2
6329 2
6331 2
6335 2
6340 2
6344 2
6346 2
6357 2
6362 2
6363 2
6368 2
6387 2
6394 2
6398 2
6399 2
6411 2
6413 2
6415 2
6419 2
6421 2
6422 2
6425 2
6429 2
6432 2
6433 2
6435 2
6447 2
6449 2
6457 2
6458 2
6459 2
6465 2
6471 2
6473 2
6482 2
6484 2
6488 2
6509 2
6512 2
6517 2
6521 2
6523 2
6528 2
6538 2
6541 2
6545 2
6551 2
6558 2
6563 2
6564 2
6566 2
6570 2
6589 2
6591 2
6603 2
6622 2
6623 2
6628 2
6629 2
6632 2
6634 2
6639 2
6640 2
6652 2
6657 2
6661 2
6663 2
6664 2
6665 2
6673 2
6674 2
6677 2
6694 2
6702 2
6708 2
6710 2
6712 2
6717 2
6718 2
6723 2
6724 2
6728 2
6729 2
6731 2
6759 2
6762 2
6766 2
6770 2
6774 2
6775 2
6778 2
6785 2
6792 2
6798 2
6799 2
6805 2
6806 2
6807 2
6810 2
6811 2
6818 2
6820 2
6823 2
6824 2
6830 2
6834 2
6837 2
6840 2
6844 2
6860 2
6861 2
6862 2
6865 2
6867 2
6868 2
6876 2
6884 2
6885 2
6889 2
6892 2
6896 2
6901 2
6905 2
6907 2
6910 2
6911 2
6912 2
6920 2
6925 2
6926 2
6928 2
6941 2
6942 2
6951 2
6957 2
6958 2
6961 2
6971 2
6973 2
6980 2
6981 2
6987 2
6988 2
6995 2
6996 2
6997 2
6998 2
7000 2
7009 2
7014 2
7017 2
7020 2
7022 2
7024 2
7027 2
7040 2
7042 2
7043 2
7052 2
7053 2
7056 2
7062 2
7065 2
7066 2
7069 2
7070 2
7072 2
7075 2
7076 2
7081 2
7085 2
7090 2
7092 2
7102 2
7103 2
7116 2
7117 2
7119 2
7121 2
7125 2
7129 2
7132 2
7141 2
7144 2
7151 2
7164 2
7166 2
7168 2
7171 2
7183 2
7184 2
7190 2
7192 2
7200 2
7202 2
7204 2
7209 2
7210 2
7213 2
7215 2
7216 2
7222 2
7224 2
7233 2
7235 2
7241 2
7244 2
7251 2
7258 2
7265 2
7272 2
7273 2
7285 2
7286 2
7309 2
7319 2
7320 2
7339 2
7341 2
7346 2
7350 2
7351 2
7356 2
7357 2
7363 2
7372 2
7375 2
7389 2
7392 2
7394 2
7402 2
7403 2
7416 2
7421 2
7428 2
7430 2
7431 2
7436 2
7437 2
7440 2
7442 2
7449 2
7456 2
7462 2
7465 2
7470 2
7479 2
7480 2
7482 2
7484 2
7493 2
7495 2
7503 2
7504 2
7506 2
7513 2
7516 2
7528 2
7532 2
7533 2
7534 2
7538 2
7544 2
7549 2
7552 2
7555 2
7559 2
7564 2
7571 2
7572 2
7576 2
7587 2
7590 2
7596 2
7602 2
7613 2
7618 2
7619 2
7620 2
7621 2
7626 2
7628 2
7640 2
7644 2
7646 2
7655 2
7673 2
7681 2
7685 2
7689 2
7690 2
7695 2
7699 2
7701 2
7706 2
7707 2
7712 2
7714 2
7716 2
7717 2
7718 2
7725 2
7727 2
7733 2
7735 2
7738 2
7747 2
7753 2
7767 2
7770 2
7776 2
7778 2
7784 2
7798 2
7800 2
7803 2
7811 2
7815 2
7820 2
7828 2
7835 2
7837 2
7845 2
7846 2
7873 2
7878 2
7888 2
7897 2
7898 2
7902 2
7908 2
7913 2
7915 2
7916 2
7925 2
7928 2
7938 2
7941 2
7945 2
7948 2
7953 2
7961 2
7964 2
7970 2
7973 2
7981 2
7984 2
7987 2
7991 2
7992 2
8006 2
8007 2
8008 2
8013 2
8039 2
8051 2
8060 2
8074 2
8077 2
8084 2
8087 2
8094 2
8096 2
8099 2
8103 2
8105 2
8106 2
8108 2
8110 2
8111 2
8131 2
8133 2
8137 2
8141 2
8143 2
8151 2
8152 2
8154 2
8155 2
8158 2
8159 2
8171 2
8172 2
8176 2
8177 2
8178 2
8179 2
8180 2
8190 2
8191 2
8194 2
8198 2
8202 2
8204 2
8216 2
8218 2
8231 2
8234 2
8238 2
8241 2
8246 2
8248 2
8251 2
8253 2
8259 2
8261 2
8262 2
8263 2
8275 2
8279 2
8281 2
8287 2
8289 2
8296 2
8303 2
8319 2
8326 2
8339 2
8343 2
8345 2
8353 2
8358 2
8364 2
8368 2
8372 2
8373 2
8374 2
8376 2
8379 2
8385 2
8393 2
8394 2
8397 2
8408 2
8410 2
8411 2
8413 2
8416 2
8424 2
8426 2
8428 2
8429 2
8438 2
8439 2
8441 2
8444 2
8466 2
8471 2
8472 2
8476 2
8480 2
8487 2
8499 2
8503 2
8506 2
8507 2
8513 2
8516 2
8518 2
8524 2
8527 2
8531 2
8532 2
8534 2
8540 2
8543 2
8547 2
8549 2
8552 2
8555 2
8557 2
8558 2
8570 2
8573 2
8580 2
8583 2
8589 2
8591 2
8598 2
8599 2
8600 2
8601 2
8603 2
8606 2
8615 2
8616 2
8628 2
8629 2
8632 2
8634 2
8636 2
8640 2
8645 2
8647 2
8648 2
8650 2
8656 2
8659 2
8664 2
8666 2
8676 2
8677 2
8680 2
8681 2
8690 2
8694 2
8698 2
8703 2
8704 2
8707 2
8716 2
8717 2
8721 2
8724 2
8737 2
8739 2
8741 2
8746 2
8749 2
8750 2
8756 2
8757 2
8759 2
8760 2
8761 2
8765 2
8777 2
8778 2
8782 2
8784 2
8786 2
8789 2
8794 2
8798 2
8806 2
8807 2
8814 2
8815 2
8818 2
8826 2
8830 2
8833 2
8835 2
8846 2
8859 2
8860 2
8861 2
8877 2
8881 2
8894 2
8895 2
8901 2
8904 2
8909 2
8910 2
8911 2
8920 2
8921 2
8924 2
8926 2
8936 2
8938 2
8943 2
8947 2
8948 2
8950 2
8951 2
8957 2
8963 2
8972 2
8976 2
8985 2
9004 2
9007 2
9011 2
9014 2
9015 2
9017 2
9020 2
9030 2
9032 2
9035 2
9037 2
9039 2
9042 2
9045 2
9046 2
9049 2
9054 2
9055 2
9059 2
9063 2
9067 2
9076 2
9077 2
9088 2
9090 2
9096 2
9100 2
9107 2
9108 2
9115 2
9116 2
9117 2
9118 2
9120 2
9124 2
9131 2
9136 2
9137 2
9142 2
9145 2
9148 2
9150 2
9151 2
9155 2
9156 2
9158 2
9159 2
9160 2
9161 2
9162 2
9165 2
9166 2
9169 2
9170 2
9175 2
9177 2
9187 2
9188 2
9193 2
9194 2
9195 2
9200 2
9206 2
9207 2
9218 2
9221 2
9224 2
9225 2
9227 2
9230 2
9233 2
9235 2
9258 2
9266 2
9267 2
9269 2
9275 2
9277 2
9279 2
9281 2
9288 2
9290 2
9291 2
9292 2
9293 2
9294 2
9304 2
9306 2
9307 2
9313 2
9314 2
9316 2
9318 2
9323 2
9326 2
9327 2
9330 2
9331 2
9334 2
9339 2
9345 2
9351 2
9355 2
9356 2
9360 2
9362 2
9363 2
9365 2
9369 2
9376 2
9383 2
9384 2
9387 2
9390 2
9398 2
9400 2
9404 2
9405 2
9406 2
9408 2
9409 2
9411 2
9412 2
9424 2
9429 2
9431 2
9432 2
9433 2
9439 2
9445 2
9448 2
9455 2
9456 2
9459 2
9462 2
9469 2
9470 2
9474 2
9476 2
9478 2
9481 2
9487 2
9488 2
9492 2
9496 2
9504 2
9510 2
9514 2
9516 2
9517 2
9519 2
9521 2
9524 2
9530 2
9531 2
9533 2
9534 2
9539 2
9543 2
9545 2
9546 2
9556 2
9561 2
9573 2
9582 2
9584 2
9592 2
9594 2
9600 2
9601 2
9607 2
9609 2
9612 2
9627 2
9633 2
9637 2
9640 2
9649 2
9650 2
9653 2
9666 2
9668 2
9670 2
9678 2
9679 2
9692 2
9697 2
9701 2
9711 2
9712 2
9713 2
9716 2
9718 2
9719 2
9723 2
9727 2
9728 2
9731 2
9743 2
9747 2
9749 2
9752 2
9753 2
9756 2
9759 2
9760 2
9766 2
9767 2
9770 2
9771 2
9773 2
9776 2
9777 2
9787 2
9792 2
9793 2
9794 2
9799 2
9801 2
9803 2
9807 2
9810 2
9813 2
9819 2
9823 2
9831 2
9832 2
9835 2
9838 2
9839 2
9843 2
9844 2
9846 2
9848 2
9851 2
9852 2
9855 2
9857 2
9862 2
9868 2
9869 2
9871 2
9875 2
9880 2
9882 2
9892 2
9900 2
9906 2
9911 2
9924 2
9935 2
9939 2
9942 2
9946 2
9947 2
9949 2
9951 2
9956 2
9957 2
9964 2
9967 2
9968 2
9971 2
9975 2
9981 2
9982 2
9983 2
9985 2
9987 2
9990 2
9992 2
9993 2
10004 2
10006 2
10013 2
10014 2
10018 2
10019 2
10020 2
10023 2
10039 2
10040 2
10047 2
10051 2
10063 2
10066 2
10072 2
10073 2
10079 2
10082 2
10084 2
10104 2
10105 2
10118 2
10124 2
10130 2
10131 2
10132 2
10133 2
10139 2
10141 2
10146 2
10147 2
10156 2
10163 2
10170 2
10173 2
10184 2
10187 2
10188 2
10192 2
10196 2
10203 2
10207 2
10221 2
10226 2
10230 2
10231 2
10233 2
10234 2
10240 2
10244 2
10245 2
10246 2
10250 2
10251 2
10256 2
10262 2
10265 2
10272 2
10273 2
10280 2
10285 2
10286 2
10289 2
10291 2
10293 2
10294 2
10300 2
10304 2
10305 2
10308 2
10327 2
10328 2
10329 2
10337 2
10338 2
10349 2
10352 2
10354 2
10356 2
10363 2
10373 2
10377 2
10378 2
10382 2
10383 2
10394 2
10406 2
10413 2
10416 2
10418 2
10422 2
10425 2
10438 2
10439 2
10441 2
10446 2
10449 2
10450 2
10456 2
10457 2
10478 2
10479 2
10492 2
10497 2
10501 2
10507 2
10520 2
10521 2
10523 2
10526 2
10527 2
10534 2
10535 2
10548 2
10551 2
10561 2
10566 2
10567 2
10578 2
10583 2
10588 2
10590 2
10592 2
10612 2
10613 2
10617 2
10624 2
10629 2
10633 2
10636 2
10641 2
10642 2
10644 2
10649 2
10650 2
10659 2
10660 2
10666 2
10670 2
10674 2
10695 2
10706 2
10708 2
10726 2
10727 2
10728 2
10735 2
10754 2
10770 2
10775 2
10781 2
10790 2
10803 2
10809 2
8 1
21 1
24 1
28 1
32 1
43 1
49 1
56 1
60 1
62 1
64 1
82 1
96 1
104 1
111 1
116 1
119 1
135 1
144 1
153 1
156 1
163 1
179 1
188 1
207 1
210 1
212 1
218 1
231 1
253 1
255 1
259 1
271 1
283 1
297 1
312 1
331 1
336 1
341 1
357 1
366 1
368 1
398 1
406 1
414 1
417 1
425 1
434 1
441 1
446 1
452 1
462 1
465 1
471 1
472 1
490 1
496 1
514 1
519 1
525 1
529 1
536 1
541 1
555 1
557 1
563 1
575 1
586 1
599 1
607 1
645 1
651 1
655 1
656 1
662 1
682 1
704 1
708 1
715 1
716 1
728 1
729 1
737 1
747 1
748 1
751 1
767 1
769 1
770 1
776 1
778 1
780 1
805 1
813 1
816 1
817 1
818 1
831 1
845 1
858 1
868 1
881 1
906 1
915 1
918 1
936 1
944 1
954 1
959 1
962 1
968 1
995 1
999 1
1002 1
1023 1
1028 1
1035 1
1038 1
1043 1
1051 1
1064 1
1066 1
1068 1
1071 1
1076 1
1081 1
1092 1
1094 1
1096 1
1098 1
1118 1
1120 1
1124 1
1131 1
1139 1
1147 1
1149 1
1161 1
1162 1
1163 1
1170 1
1173 1
1181 1
1189 1
1193 1
1195 1
1200 1
1206 1
1208 1
1220 1
1237 1
1245 1
1253 1
1256 1
1270 1
1271 1
1273 1
1277 1
1284 1
1285 1
1287 1
1289 1
1292 1
1298 1
1301 1
1310 1
1329 1
1331 1
1343 1
1346 1
1355 1
1358 1
1360 1
1363 1
1370 1
1371 1
1380 1
1381 1
1383 1
1387 1
1390 1
1392 1
1394 1
1413 1
1420 1
1431 1
1434 1
1436 1
1437 1
1438 1
1453 1
1465 1
1478 1
1479 1
1482 1
1488 1
1490 1
1498 1
1505 1
1507 1
1510 1
1511 1
1517 1
1519 1
1524 1
1539 1
1540 1
1542 1
1559 1
1567 1
1573 1
1576 1
1577 1
1587 1
1591 1
1594 1
1615 1
1617 1
1618 1
1624 1
1635 1
1640 1
1642 1
1645 1
1649 1
1650 1
1651 1
1653 1
1671 1
1674 1
1679 1
1684 1
1693 1
1695 1
1702 1
1707 1
1726 1
1734 1
1735 1
1736 1
1749 1
1753 1
1756 1
1761 1
1768 1
1779 1
1784 1
1792 1
1803 1
1810 1
1823 1
1829 1
1834 1
1844 1
1865 1
1869 1
1873 1
1874 1
1875 1
1876 1
1877 1
1878 1
1880 1
1882 1
1885 1
1887 1
1889 1
1901 1
1906 1
1908 1
1913 1
1920 1
1926 1
1942 1
1945 1
1948 1
1951 1
1952 1
1956 1
1957 1
1970 1
1978 1
1986 1
1990 1
1991 1
2000 1
2001 1
2003 1
2008 1
2012 1
2019 1
2023 1
2025 1
2027 1
2032 1
2035 1
2036 1
2038 1
2041 1
2046 1
2047 1
2063 1
2077 1
2080 1
2084 1
2095 1
2099 1
2101 1
2103 1
2104 1
2105 1
2106 1
2110 1
2114 1
2118 1
2120 1
2126 1
2129 1
2134 1
2136 1
2139 1
2148 1
2149 1
2158 1
2164 1
2171 1
2172 1
2183 1
2185 1
2187 1
2189 1
2199 1
2206 1
2210 1
2218 1
2219 1
2225 1
2228 1
2243 1
2253 1
2266 1
2276 1
2277 1
2284 1
2286 1
2287 1
2294 1
2295 1
2296 1
2302 1
2303 1
2305 1
2313 1
2321 1
2322 1
2325 1
2329 1
2330 1
2334 1
2335 1
2352 1
2358 1
2360 1
2368 1
2369 1
2373 1
2377 1
2382 1
2385 1
2397 1
2401 1
2405 1
2407 1
2418 1
2436 1
2459 1
2464 1
2465 1
2477 1
2488 1
2500 1
2501 1
2503 1
2519 1
2523 1
2524 1
2526 1
2529 1
2534 1
2536 1
2538 1
2544 1
2549 1
2558 1
2562 1
2575 1
2576 1
2582 1
2593 1
2596 1
2598 1
2604 1
2609 1
2610 1
2611 1
2613 1
2615 1
2616 1
2622 1
2630 1
2645 1
2648 1
2652 1
2655 1
2657 1
2676 1
2677 1
2687 1
2688 1
2697 1
2702 1
2703 1
2706 1
2708 1
2719 1
2723 1
2724 1
2731 1
2733 1
2735 1
2737 1
2741 1
2742 1
2746 1
2749 1
2754 1
2757 1
2758 1
2759 1
2766 1
2768 1
2780 1
2788 1
2800 1
2804 1
2814 1
2816 1
2817 1
2827 1
2833 1
2834 1
2839 1
2846 1
2847 1
2868 1
2879 1
2884 1
2887 1
2894 1
2908 1
2910 1
2913 1
2916 1
2918 1
2929 1
2930 1
2935 1
2951 1
2960 1
2965 1
2966 1
2971 1
2972 1
2974 1
2985 1
2987 1
2988 1
3002 1
3008 1
3011 1
3013 1
3015 1
3017 1
3025 1
3026 1
3030 1
3031 1
3034 1
3039 1
3042 1
3043 1
3049 1
3053 1
3080 1
3081 1
3104 1
3105 1
3107 1
3108 1
3121 1
3124 1
3137 1
3138 1
3140 1
3150 1
3152 1
3159 1
3161 1
3172 1
3179 1
3188 1
3190 1
3192 1
3198 1
3200 1
3202 1
3205 1
3214 1
3228 1
3234 1
3238 1
3241 1
3244 1
3259 1
3267 1
3271 1
3273 1
3279 1
3283 1
3286 1
3301 1
3302 1
3309 1
3312 1
3319 1
3331 1
3332 1
3333 1
3334 1
3345 1
3346 1
3358 1
3363 1
3365 1
3367 1
3383 1
3392 1
3393 1
3395 1
3397 1
3401 1
3403 1
3410 1
3416 1
3417 1
3422 1
3431 1
3432 1
3433 1
3434 1
3436 1
3444 1
3445 1
3447 1
3448 1
3452 1
3457 1
3460 1
3463 1
3475 1
3480 1
3491 1
3493 1
3497 1
3501 1
3505 1
3506 1
3509 1
3521 1
3523 1
3524 1
3526 1
3532 1
3533 1
3535 1
3538 1
3543 1
3553 1
3563 1
3564 1
3566 1
3567 1
3569 1
3576 1
3591 1
3596 1
3600 1
3612 1
3620 1
3621 1
3625 1
3632 1
3634 1
3636 1
3642 1
3644 1
3653 1
3656 1
3657 1
3666 1
3667 1
3671 1
3691 1
3693 1
3694 1
3695 1
3700 1
3702 1
3709 1
3712 1
3713 1
3717 1
3720 1
3721 1
3725 1
3726 1
3728 1
3730 1
3740 1
3747 1
3749 1
3751 1
3762 1
3766 1
3768 1
3771 1
3773 1
3775 1
3777 1
3778 1
3781 1
3784 1
3788 1
3796 1
3801 1
3806 1
3816 1
3817 1
3818 1
3820 1
3823 1
3833 1
3834 1
3846 1
3860 1
3863 1
3866 1
3868 1
3871 1
3872 1
3882 1
3886 1
3891 1
3892 1
3896 1
3918 1
3920 1
3929 1
3930 1
3935 1
3937 1
3939 1
3952 1
3956 1
3960 1
3964 1
3973 1
3974 1
3976 1
3977 1
3979 1
3981 1
3988 1
3993 1
4001 1
4004 1
4009 1
4011 1
4018 1
4021 1
4023 1
4025 1
4026 1
4029 1
4043 1
4050 1
4063 1
4068 1
4069 1
4070 1
4071 1
4072 1
4073 1
4074 1
4075 1
4076 1
4079 1
4093 1
4106 1
4114 1
4118 1
4124 1
4130 1
4132 1
4134 1
4136 1
4146 1
4153 1
4156 1
4157 1
4164 1
4167 1
4168 1
4170 1
4177 1
4178 1
4196 1
4200 1
4207 1
4210 1
4211 1
4214 1
4221 1
4222 1
4228 1
4229 1
4234 1
4236 1
4237 1
4252 1
4253 1
4265 1
4266 1
4267 1
4273 1
4278 1
4284 1
4291 1
4314 1
4316 1
4323 1
4332 1
4338 1
4339 1
4351 1
4363 1
4367 1
4372 1
4373 1
4375 1
4381 1
4385 1
4388 1
4393 1
4399 1
4400 1
4401 1
4406 1
4408 1
4421 1
4424 1
4426 1
4431 1
4439 1
4440 1
4442 1
4443 1
4444 1
4446 1
4449 1
4450 1
4452 1
4453 1
4454 1
4455 1
4456 1
4457 1
4458 1
4463 1
4464 1
4466 1
4472 1
4473 1
4474 1
4476 1
4484 1
4485 1
4487 1
4489 1
4490 1
4500 1
4503 1
4506 1
4508 1
4514 1
4517 1
4521 1
4528 1
4533 1
4535 1
4539 1
4540 1
4541 1
4543 1
4545 1
4547 1
4554 1
4557 1
4558 1
4559 1
4561 1
4563 1
4565 1
4567 1
4576 1
4578 1
4581 1
4594 1
4597 1
4598 1
4604 1
4614 1
4622 1
4625 1
4626 1
4627 1
4633 1
4635 1
4638 1
4640 1
4644 1
4647 1
4651 1
4653 1
4661 1
4663 1
4667 1
4668 1
4669 1
4670 1
4671 1
4676 1
4707 1
4716 1
4723 1
4726 1
4730 1
4734 1
4738 1
4739 1
4740 1
4741 1
4742 1
4746 1
4748 1
4756 1
4762 1
4766 1
4768 1
4770 1
4773 1
4781 1
4784 1
4785 1
4786 1
4791 1
4795 1
4796 1
4797 1
4799 1
4801 1
4805 1
4808 1
4809 1
4810 1
4820 1
4827 1
4828 1
4833 1
4834 1
4840 1
4841 1
4842 1
4847 1
4850 1
4851 1
4852 1
4859 1
4860 1
4865 1
4876 1
4877 1
4878 1
4879 1
4880 1
4881 1
4882 1
4883 1
4884 1
4885 1
4887 1
4889 1
4890 1
4891 1
4892 1
4893 1
4894 1
4895 1
4896 1
4897 1
4898 1
4899 1
4901 1
4902 1
4904 1
4906 1
4908 1
4911 1
4914 1
4915 1
4923 1
4924 1
4925 1
4933 1
4934 1
4935 1
4938 1
4941 1
4942 1
4945 1
4946 1
4961 1
4963 1
4966 1
4968 1
4974 1
4978 1
4991 1
4995 1
5003 1
5004 1
5005 1
5012 1
5014 1
5022 1
5024 1
5027 1
5034 1
5035 1
5037 1
5039 1
5042 1
5049 1
5053 1
5056 1
5057 1
5058 1
5059 1
5061 1
5063 1
5072 1
5076 1
5077 1
5078 1
5080 1
5085 1
5087 1
5092 1
5094 1
5097 1
5098 1
5099 1
5100 1
5101 1
5102 1
5103 1
5104 1
5105 1
5106 1
5108 1
5112 1
5117 1
5122 1
5127 1
5133 1
5138 1
5141 1
5148 1
5155 1
5159 1
5162 1
5163 1
5167 1
5168 1
5170 1
5171 1
5174 1
5175 1
5176 1
5177 1
5178 1
5183 1
5187 1
5188 1
5202 1
5204 1
5208 1
5210 1
5219 1
5220 1
5222 1
5226 1
5230 1
5235 1
5239 1
5243 1
5244 1
5245 1
5246 1
5249 1
5250 1
5251 1
5253 1
5263 1
5265 1
5268 1
5278 1
5280 1
5281 1
5291 1
5293 1
5294 1
5299 1
5300 1
5304 1
5311 1
5312 1
5313 1
5314 1
5324 1
5328 1
5332 1
5340 1
5348 1
5356 1
5359 1
5364 1
5368 1
5370 1
5373 1
5374 1
5381 1
5382 1
5393 1
5394 1
5395 1
5400 1
5404 1
5410 1
5414 1
5418 1
5419 1
5421 1
5422 1
5423 1
5428 1
5436 1
5437 1
5438 1
5444 1
5446 1
5448 1
5449 1
5451 1
5454 1
5457 1
5459 1
5462 1
5463 1
5464 1
5471 1
5475 1
5481 1
5482 1
5484 1
5486 1
5489 1
5490 1
5492 1
5493 1
5494 1
5495 1
5496 1
5497 1
5507 1
5508 1
5512 1
5513 1
5519 1
5525 1
5527 1
5535 1
5538 1
5541 1
5544 1
5545 1
5549 1
5551 1
5552 1
5554 1
5555 1
5559 1
5567 1
5573 1
5578 1
5582 1
5593 1
5596 1
5597 1
5599 1
5602 1
5603 1
5605 1
5611 1
5613 1
5618 1
5623 1
5624 1
5625 1
5629 1
5632 1
5634 1
5638 1
5639 1
5641 1
5646 1
5647 1
5652 1
5653 1
5654 1
5655 1
5656 1
5665 1
5666 1
5668 1
5669 1
5671 1
5676 1
5677 1
5679 1
5680 1
5683 1
5685 1
5688 1
5689 1
5695 1
5697 1
5700 1
5701 1
5704 1
5713 1
5716 1
5720 1
5723 1
5730 1
5731 1
5734 1
5737 1
5738 1
5741 1
5748 1
5749 1
5750 1
5752 1
5753 1
5756 1
5760 1
5761 1
5762 1
5764 1
5767 1
5775 1
5776 1
5778 1
5782 1
5783 1
5786 1
5788 1
5795 1
5801 1
5804 1
5805 1
5810 1
5812 1
5814 1
5816 1
5823 1
5827 1
5828 1
5829 1
5833 1
5834 1
5843 1
5845 1
5846 1
5847 1
5851 1
5853 1
5855 1
5856 1
5858 1
5859 1
5862 1
5864 1
5865 1
5866 1
5868 1
5870 1
5875 1
5879 1
5887 1
5889 1
5892 1
5895 1
5896 1
5900 1
5906 1
5910 1
5912 1
5914 1
5919 1
5923 1
5927 1
5929 1
5930 1
5934 1
5937 1
5938 1
5939 1
5943 1
5948 1
5952 1
5954 1
5955 1
5957 1
5959 1
5965 1
5969 1
5971 1
5972 1
5974 1
5975 1
5977 1
5978 1
5980 1
5981 1
5983 1
5984 1
5986 1
5987 1
5988 1
5989 1
5990 1
5991 1
5992 1
5993 1
5994 1
5998 1
6003 1
6004 1
6005 1
6009 1
6012 1
6013 1
6020 1
6021 1
6023 1
6027 1
6028 1
6035 1
6037 1
6039 1
6044 1
6046 1
6054 1
6056 1
6059 1
6060 1
6063 1
6067 1
6068 1
6069 1
6074 1
6082 1
6091 1
6092 1
6094 1
6099 1
6103 1
6109 1
6110 1
6113 1
6123 1
6124 1
6130 1
6131 1
6132 1
6133 1
6136 1
6139 1
6141 1
6144 1
6146 1
6151 1
6152 1
6153 1
6155 1
6156 1
6157 1
6158 1
6159 1
6164 1
6166 1
6177 1
6182 1
6183 1
6187 1
6192 1
6195 1
6198 1
6211 1
6216 1
6222 1
6224 1
6227 1
6228 1
6229 1
6232 1
6233 1
6236 1
6237 1
6241 1
6246 1
6251 1
6252 1
6262 1
6266 1
6268 1
6270 1
6272 1
6273 1
6274 1
6276 1
6279 1
6280 1
6282 1
6286 1
6287 1
6288 1
6289 1
6291 1
6295 1
6297 1
6298 1
6307 1
6317 1
6320 1
6321 1
6332 1
6333 1
6337 1
6341 1
6342 1
6343 1
6345 1
6347 1
6349 1
6351 1
6354 1
6359 1
6360 1
6361 1
6365 1
6366 1
6369 1
6372 1
6373 1
6376 1
6377 1
6378 1
6379 1
6381 1
6383 1
6389 1
6396 1
6397 1
6400 1
6404 1
6406 1
6410 1
6414 1
6418 1
6424 1
6427 1
6436 1
6437 1
6438 1
6442 1
6443 1
6445 1
6446 1
6454 1
6460 1
6463 1
6467 1
6475 1
6476 1
6478 1
6481 1
6483 1
6485 1
6486 1
6489 1
6490 1
6492 1
6494 1
6495 1
6497 1
6498 1
6499 1
6501 1
6502 1
6503 1
6505 1
6506 1
6507 1
6513 1
6515 1
6516 1
6518 1
6520 1
6522 1
6526 1
6527 1
6529 1
6530 1
6534 1
6535 1
6537 1
6539 1
6540 1
6542 1
6546 1
6547 1
6548 1
6550 1
6552 1
6553 1
6554 1
6559 1
6561 1
6568 1
6571 1
6574 1
6575 1
6578 1
6581 1
6582 1
6585 1
6588 1
6590 1
6592 1
6593 1
6594 1
6595 1
6596 1
6597 1
6598 1
6599 1
6601 1
6602 1
6604 1
6605 1
6606 1
6608 1
6610 1
6611 1
6612 1
6616 1
6617 1
6619 1
6621 1
6624 1
6626 1
6630 1
6631 1
6633 1
6635 1
6637 1
6641 1
6642 1
6644 1
6645 1
6648 1
6649 1
6651 1
6653 1
6655 1
6658 1
6659 1
6660 1
6667 1
6668 1
6672 1
6680 1
6684 1
6685 1
6686 1
6690 1
6692 1
6693 1
6695 1
6697 1
6698 1
6699 1
6701 1
6704 1
6706 1
6709 1
6713 1
6714 1
6721 1
6730 1
6732 1
6733 1
6737 1
6738 1
6739 1
6740 1
6741 1
6742 1
6743 1
6745 1
6750 1
6751 1
6752 1
6754 1
6756 1
6757 1
6760 1
6761 1
6763 1
6764 1
6765 1
6767 1
6768 1
6772 1
6776 1
6777 1
6782 1
6783 1
6788 1
6795 1
6796 1
6797 1
6800 1
6801 1
6809 1
6812 1
6816 1
6817 1
6819 1
6826 1
6827 1
6828 1
6829 1
6831 1
6832 1
6835 1
6836 1
6838 1
6845 1
6846 1
6850 1
6852 1
6854 1
6855 1
6856 1
6858 1
6863 1
6869 1
6870 1
6871 1
6872 1
6875 1
6877 1
6879 1
6888 1
6893 1
6894 1
6895 1
6898 1
6902 1
6903 1
6906 1
6908 1
6909 1
6913 1
6914 1
6915 1
6919 1
6921 1
6922 1
6923 1
6930 1
6934 1
6936 1
6938 1
6940 1
6943 1
6947 1
6948 1
6949 1
6952 1
6954 1
6955 1
6956 1
6959 1
6960 1
6962 1
6963 1
6964 1
6965 1
6966 1
6967 1
6972 1
6975 1
6976 1
6977 1
6982 1
6983 1
6984 1
6989 1
6990 1
6993 1
6999 1
7001 1
7006 1
7013 1
7018 1
7025 1
7026 1
7028 1
7035 1
7039 1
7044 1
7045 1
7046 1
7047 1
7048 1
7049 1
7050 1
7051 1
7054 1
7057 1
7059 1
7063 1
7064 1
7068 1
7073 1
7074 1
7077 1
7080 1
7082 1
7083 1
7084 1
7087 1
7088 1
7089 1
7091 1
7093 1
7094 1
7097 1
7099 1
7100 1
7104 1
7105 1
7109 1
7110 1
7111 1
7113 1
7114 1
7115 1
7120 1
7123 1
7124 1
7134 1
7137 1
7139 1
7140 1
7142 1
7143 1
7145 1
7147 1
7148 1
7149 1
7150 1
7153 1
7155 1
7158 1
7161 1
7162 1
7163 1
7165 1
7172 1
7175 1
7176 1
7179 1
7180 1
7181 1
7182 1
7187 1
7189 1
7191 1
7196 1
7198 1
7203 1
7205 1
7207 1
7208 1
7211 1
7212 1
7214 1
7218 1
7220 1
7226 1
7227 1
7228 1
7229 1
7231 1
7234 1
7237 1
7242 1
7243 1
7246 1
7247 1
7248 1
7252 1
7253 1
7254 1
7259 1
7260 1
7261 1
7263 1
7264 1
7266 1
7268 1
7271 1
7274 1
7276 1
7279 1
7281 1
7284 1
7288 1
7289 1
7290 1
7291 1
7292 1
7293 1
7294 1
7295 1
7296 1
7297 1
7298 1
7299 1
7300 1
7301 1
7302 1
7303 1
7304 1
7305 1
7306 1
7307 1
7308 1
7310 1
7311 1
7312 1
7313 1
7314 1
7316 1
7317 1
7321 1
7322 1
7323 1
7324 1
7325 1
7332 1
7336 1
7337 1
7342 1
7344 1
7348 1
7352 1
7354 1
7358 1
7362 1
7364 1
7365 1
7367 1
7368 1
7371 1
7377 1
7378 1
7380 1
7382 1
7385 1
7390 1
7391 1
7393 1
7395 1
7396 1
7401 1
7404 1
7406 1
7407 1
7408 1
7409 1
7410 1
7411 1
7413 1
7414 1
7415 1
7417 1
7418 1
7424 1
7425 1
7427 1
7441 1
7443 1
7445 1
7447 1
7448 1
7450 1
7452 1
7454 1
7455 1
7457 1
7458 1
7459 1
7460 1
7466 1
7467 1
7469 1
7471 1
7473 1
7474 1
7477 1
7478 1
7481 1
7489 1
7491 1
7492 1
7494 1
7497 1
7498 1
7499 1
7500 1
7501 1
7502 1
7505 1
7508 1
7512 1
7515 1
7518 1
7519 1
7523 1
7525 1
7527 1
7531 1
7537 1
7539 1
7540 1
7546 1
7548 1
7550 1
7553 1
7556 1
7557 1
7558 1
7561 1
7562 1
7566 1
7568 1
7573 1
7574 1
7575 1
7577 1
7578 1
7579 1
7580 1
7582 1
7583 1
7585 1
7586 1
7588 1
7589 1
7593 1
7594 1
7598 1
7599 1
7600 1
7603 1
7610 1
7614 1
7616 1
7617 1
7622 1
7623 1
7630 1
7632 1
7633 1
7634 1
7636 1
7637 1
7638 1
7641 1
7642 1
7645 1
7649 1
7652 1
7653 1
7654 1
7656 1
7657 1
7658 1
7659 1
7660 1
7663 1
7664 1
7665 1
7666 1
7667 1
7668 1
7670 1
7672 1
7675 1
7676 1
7678 1
7680 1
7683 1
7684 1
7686 1
7688 1
7691 1
7694 1
7696 1
7698 1
7700 1
7702 1
7704 1
7711 1
7713 1
7715 1
7720 1
7721 1
7722 1
7723 1
7726 1
7729 1
7730 1
7732 1
7739 1
7740 1
7741 1
7744 1
7746 1
7749 1
7750 1
7754 1
7755 1
7756 1
7757 1
7758 1
7759 1
7760 1
7761 1
7762 1
7763 1
7764 1
7765 1
7766 1
7768 1
7769 1
7771 1
7772 1
7773 1
7774 1
7775 1
7777 1
7780 1
7781 1
7782 1
7785 1
7786 1
7787 1
7789 1
7790 1
7791 1
7792 1
7793 1
7794 1
7795 1
7797 1
7799 1
7802 1
7809 1
7810 1
7812 1
7813 1
7816 1
7817 1
7818 1
7819 1
7824 1
7825 1
7827 1
7829 1
7831 1
7834 1
7838 1
7839 1
7841 1
7844 1
7848 1
7850 1
7852 1
7853 1
7855 1
7856 1
7857 1
7861 1
7862 1
7864 1
7865 1
7866 1
7867 1
7868 1
7869 1
7870 1
7871 1
7877 1
7881 1
7885 1
7886 1
7890 1
7891 1
7893 1
7895 1
7896 1
7899 1
7901 1
7903 1
7904 1
7906 1
7907 1
7909 1
7911 1
7912 1
7914 1
7918 1
7919 1
7920 1
7922 1
7923 1
7926 1
7927 1
7930 1
7931 1
7933 1
7935 1
7937 1
7944 1
7946 1
7949 1
7950 1
7952 1
7956 1
7958 1
7962 1
7967 1
7968 1
7969 1
7974 1
7975 1
7976 1
7977 1
7978 1
7979 1
7982 1
7985 1
7986 1
7988 1
7989 1
7990 1
7993 1
7995 1
7996 1
8002 1
8003 1
8004 1
8014 1
8016 1
8017 1
8020 1
8021 1
8022 1
8023 1
8024 1
8025 1
8026 1
8028 1
8029 1
8030 1
8031 1
8032 1
8034 1
8036 1
8041 1
8044 1
8045 1
8046 1
8048 1
8049 1
8050 1
8052 1
8054 1
8056 1
8057 1
8058 1
8061 1
8062 1
8064 1
8065 1
8066 1
8067 1
8069 1
8071 1
8072 1
8073 1
8075 1
8078 1
8079 1
8080 1
8081 1
8082 1
8083 1
8085 1
8088 1
8089 1
8090 1
8091 1
8093 1
8095 1
8101 1
8102 1
8112 1
8113 1
8114 1
8115 1
8116 1
8117 1
8118 1
8119 1
8121 1
8123 1
8125 1
8128 1
8129 1
8130 1
8132 1
8134 1
8136 1
8138 1
8139 1
8146 1
8147 1
8149 1
8150 1
8153 1
8156 1
8163 1
8164 1
8165 1
8166 1
8167 1
8168 1
8173 1
8174 1
8175 1
8181 1
8182 1
8186 1
8187 1
8188 1
8189 1
8192 1
8193 1
8197 1
8199 1
8200 1
8201 1
8205 1
8206 1
8208 1
8209 1
8211 1
8212 1
8213 1
8219 1
8220 1
8221 1
8223 1
8224 1
8226 1
8229 1
8230 1
8233 1
8235 1
8236 1
8237 1
8239 1
8240 1
8242 1
8243 1
8244 1
8245 1
8249 1
8252 1
8254 1
8255 1
8256 1
8257 1
8258 1
8260 1
8264 1
8266 1
8268 1
8269 1
8270 1
8271 1
8272 1
8273 1
8274 1
8276 1
8283 1
8284 1
8285 1
8286 1
8288 1
8290 1
8292 1
8294 1
8295 1
8297 1
8298 1
8299 1
8300 1
8302 1
8305 1
8306 1
8308 1
8311 1
8312 1
8315 1
8316 1
8317 1
8320 1
8321 1
8322 1
8323 1
8324 1
8327 1
8328 1
8329 1
8330 1
8332 1
8335 1
8336 1
8337 1
8341 1
8344 1
8346 1
8347 1
8349 1
8352 1
8355 1
8356 1
8362 1
8363 1
8367 1
8369 1
8370 1
8371 1
8377 1
8378 1
8380 1
8382 1
8384 1
8388 1
8389 1
8391 1
8392 1
8395 1
8396 1
8398 1
8399 1
8400 1
8402 1
8403 1
8404 1
8407 1
8412 1
8418 1
8419 1
8421 1
8422 1
8430 1
8431 1
8432 1
8433 1
8436 1
8440 1
8442 1
8443 1
8445 1
8446 1
8447 1
8448 1
8449 1
8450 1
8451 1
8452 1
8453 1
8455 1
8456 1
8460 1
8462 1
8463 1
8464 1
8465 1
8468 1
8469 1
8473 1
8474 1
8475 1
8477 1
8478 1
8479 1
8481 1
8483 1
8485 1
8486 1
8492 1
8493 1
8494 1
8496 1
8497 1
8498 1
8500 1
8501 1
8502 1
8504 1
8505 1
8508 1
8509 1
8510 1
8512 1
8514 1
8515 1
8517 1
8522 1
8523 1
8529 1
8530 1
8533 1
8535 1
8538 1
8539 1
8541 1
8542 1
8544 1
8548 1
8550 1
8554 1
8556 1
8560 1
8561 1
8565 1
8566 1
8567 1
8572 1
8574 1
8575 1
8578 1
8582 1
8584 1
8592 1
8593 1
8595 1
8597 1
8602 1
8604 1
8607 1
8608 1
8609 1
8610 1
8611 1
8613 1
8614 1
8617 1
8618 1
8620 1
8621 1
8622 1
8626 1
8627 1
8630 1
8635 1
8637 1
8638 1
8639 1
8643 1
8644 1
8646 1
8649 1
8651 1
8652 1
8653 1
8654 1
8657 1
8658 1
8661 1
8665 1
8667 1
8668 1
8669 1
8671 1
8674 1
8678 1
8682 1
8683 1
8686 1
8688 1
8689 1
8691 1
8693 1
8695 1
8696 1
8697 1
8701 1
8702 1
8705 1
8706 1
8708 1
8709 1
8711 1
8712 1
8718 1
8719 1
8722 1
8723 1
8727 1
8729 1
8730 1
8731 1
8732 1
8733 1
8734 1
8736 1
8740 1
8742 1
8747 1
8752 1
8753 1
8754 1
8755 1
8762 1
8767 1
8768 1
8769 1
8770 1
8771 1
8772 1
8774 1
8780 1
8783 1
8785 1
8788 1
8792 1
8795 1
8796 1
8799 1
8800 1
8801 1
8802 1
8803 1
8808 1
8809 1
8811 1
8817 1
8820 1
8821 1
8822 1
8823 1
8824 1
8825 1
8829 1
8831 1
8836 1
8837 1
8838 1
8840 1
8841 1
8844 1
8847 1
8848 1
8849 1
8850 1
8851 1
8852 1
8853 1
8855 1
8856 1
8858 1
8863 1
8864 1
8865 1
8866 1
8867 1
8871 1
8872 1
8874 1
8878 1
8879 1
8880 1
8882 1
8883 1
8884 1
8885 1
8886 1
8887 1
8889 1
8891 1
8893 1
8896 1
8898 1
8899 1
8900 1
8902 1
8905 1
8906 1
8912 1
8913 1
8915 1
8916 1
8917 1
8918 1
8919 1
8923 1
8925 1
8927 1
8928 1
8929 1
8930 1
8931 1
8932 1
8933 1
8935 1
8937 1
8940 1
8941 1
8944 1
8945 1
8946 1
8949 1
8952 1
8953 1
8955 1
8956 1
8959 1
8960 1
8961 1
8964 1
8965 1
8967 1
8969 1
8970 1
8971 1
8973 1
8979 1
8982 1
8986 1
8987 1
8990 1
8991 1
8993 1
8994 1
8996 1
8997 1
8999 1
9001 1
9005 1
9008 1
9009 1
9012 1
9013 1
9016 1
9019 1
9022 1
9023 1
9025 1
9026 1
9027 1
9028 1
9029 1
9031 1
9033 1
9036 1
9038 1
9041 1
9043 1
9044 1
9047 1
9048 1
9050 1
9051 1
9052 1
9053 1
9057 1
9058 1
9061 1
9062 1
9064 1
9065 1
9066 1
9069 1
9070 1
9071 1
9072 1
9073 1
9074 1
9075 1
9078 1
9080 1
9081 1
9082 1
9084 1
9085 1
9097 1
9098 1
9099 1
9101 1
9102 1
9103 1
9104 1
9105 1
9111 1
9114 1
9119 1
9121 1
9122 1
9123 1
9125 1
9126 1
9127 1
9129 1
9130 1
9132 1
9133 1
9134 1
9135 1
9139 1
9140 1
9141 1
9143 1
9149 1
9157 1
9163 1
9164 1
9167 1
9172 1
9173 1
9174 1
9178 1
9179 1
9180 1
9181 1
9182 1
9183 1
9184 1
9185 1
9186 1
9190 1
9191 1
9192 1
9196 1
9197 1
9199 1
9201 1
9202 1
9203 1
9204 1
9205 1
9208 1
9209 1
9211 1
9213 1
9215 1
9219 1
9220 1
9222 1
9228 1
9231 1
9232 1
9234 1
9236 1
9238 1
9239 1
9240 1
9241 1
9242 1
9243 1
9244 1
9245 1
9246 1
9248 1
9249 1
9250 1
9251 1
9253 1
9254 1
9255 1
9256 1
9257 1
9259 1
9260 1
9261 1
9262 1
9264 1
9268 1
9270 1
9272 1
9274 1
9278 1
9280 1
9283 1
9284 1
9285 1
9286 1
9287 1
9289 1
9295 1
9298 1
9299 1
9305 1
9308 1
9310 1
9311 1
9312 1
9315 1
9317 1
9320 1
9325 1
9328 1
9329 1
9332 1
9333 1
9335 1
9336 1
9337 1
9338 1
9340 1
9341 1
9342 1
9344 1
9347 1
9349 1
9354 1
9359 1
9361 1
9366 1
9371 1
9372 1
9373 1
9375 1
9379 1
9380 1
9382 1
9385 1
9386 1
9388 1
9389 1
9392 1
9393 1
9394 1
9396 1
9397 1
9399 1
9402 1
9407 1
9413 1
9414 1
9415 1
9416 1
9417 1
9418 1
9419 1
9420 1
9422 1
9423 1
9425 1
9426 1
9427 1
9428 1
9430 1
9434 1
9435 1
9436 1
9437 1
9438 1
9440 1
9441 1
9442 1
9443 1
9444 1
9446 1
9447 1
9449 1
9451 1
9452 1
9457 1
9458 1
9461 1
9463 1
9465 1
9467 1
9468 1
9471 1
9473 1
9475 1
9477 1
9483 1
9484 1
9485 1
9486 1
9489 1
9491 1
9493 1
9494 1
9497 1
9498 1
9500 1
9502 1
9506 1
9507 1
9509 1
9511 1
9513 1
9515 1
9518 1
9520 1
9522 1
9526 1
9527 1
9528 1
9529 1
9532 1
9535 1
9537 1
9538 1
9540 1
9541 1
9542 1
9544 1
9548 1
9549 1
9550 1
9551 1
9552 1
9553 1
9554 1
9555 1
9557 1
9558 1
9559 1
9560 1
9562 1
9563 1
9564 1
9565 1
9566 1
9567 1
9568 1
9571 1
9572 1
9574 1
9575 1
9576 1
9577 1
9578 1
9579 1
9580 1
9581 1
9583 1
9585 1
9586 1
9588 1
9589 1
9590 1
9591 1
9593 1
9595 1
9596 1
9597 1
9598 1
9599 1
9602 1
9603 1
9604 1
9605 1
9606 1
9608 1
9610 1
9611 1
9613 1
9616 1
9617 1
9618 1
9619 1
9620 1
9621 1
9622 1
9623 1
9624 1
9625 1
9626 1
9630 1
9631 1
9632 1
9638 1
9641 1
9642 1
9643 1
9644 1
9645 1
9646 1
9647 1
9648 1
9651 1
9652 1
9654 1
9655 1
9656 1
9657 1
9659 1
9660 1
9661 1
9662 1
9663 1
9664 1
9667 1
9672 1
9674 1
9676 1
9677 1
9680 1
9681 1
9682 1
9683 1
9684 1
9685 1
9688 1
9689 1
9690 1
9691 1
9693 1
9694 1
9695 1
9698 1
9699 1
9700 1
9703 1
9706 1
9708 1
9709 1
9710 1
9715 1
9721 1
9724 1
9725 1
9726 1
9729 1
9730 1
9733 1
9734 1
9735 1
9736 1
9737 1
9739 1
9741 1
9742 1
9748 1
9751 1
9754 1
9758 1
9761 1
9762 1
9763 1
9764 1
9765 1
9768 1
9769 1
9772 1
9775 1
9778 1
9779 1
9782 1
9783 1
9785 1
9788 1
9789 1
9790 1
9791 1
9795 1
9796 1
9797 1
9798 1
9800 1
9802 1
9804 1
9805 1
9806 1
9809 1
9811 1
9812 1
9814 1
9815 1
9816 1
9817 1
9818 1
9820 1
9822 1
9824 1
9825 1
9827 1
9828 1
9829 1
9830 1
9833 1
9834 1
9837 1
9840 1
9841 1
9842 1
9847 1
9850 1
9853 1
9858 1
9861 1
9863 1
9864 1
9865 1
9866 1
9870 1
9872 1
9873 1
9876 1
9877 1
9878 1
9879 1
9881 1
9883 1
9885 1
9887 1
9889 1
9890 1
9891 1
9893 1
9895 1
9896 1
9897 1
9898 1
9899 1
9901 1
9902 1
9903 1
9904 1
9905 1
9909 1
9910 1
9912 1
9913 1
9914 1
9915 1
9917 1
9918 1
9919 1
9920 1
9921 1
9922 1
9925 1
9926 1
9927 1
9928 1
9929 1
9930 1
9931 1
9932 1
9933 1
9934 1
9936 1
9937 1
9938 1
9940 1
9941 1
9943 1
9944 1
9945 1
9948 1
9950 1
9952 1
9955 1
9958 1
9959 1
9961 1
9962 1
9963 1
9966 1
9969 1
9972 1
9973 1
9976 1
9977 1
9978 1
9979 1
9980 1
9984 1
9988 1
9989 1
9991 1
9995 1
9996 1
9997 1
9998 1
10000 1
10001 1
10002 1
10003 1
10008 1
10009 1
10010 1
10011 1
10012 1
10015 1
10016 1
10017 1
10021 1
10024 1
10025 1
10026 1
10027 1
10028 1
10029 1
10030 1
10031 1
10032 1
10033 1
10034 1
10035 1
10036 1
10037 1
10038 1
10042 1
10043 1
10044 1
10046 1
10048 1
10049 1
10050 1
10052 1
10053 1
10055 1
10056 1
10058 1
10059 1
10060 1
10061 1
10062 1
10064 1
10065 1
10067 1
10068 1
10069 1
10070 1
10071 1
10074 1
10075 1
10076 1
10077 1
10078 1
10083 1
10085 1
10086 1
10087 1
10088 1
10089 1
10091 1
10092 1
10093 1
10094 1
10095 1
10096 1
10097 1
10098 1
10099 1
10100 1
10101 1
10102 1
10103 1
10106 1
10107 1
10108 1
10109 1
10110 1
10112 1
10113 1
10114 1
10115 1
10116 1
10117 1
10119 1
10121 1
10123 1
10125 1
10127 1
10128 1
10129 1
10134 1
10135 1
10136 1
10137 1
10138 1
10140 1
10142 1
10144 1
10145 1
10150 1
10151 1
10152 1
10153 1
10154 1
10155 1
10157 1
10158 1
10160 1
10161 1
10162 1
10164 1
10165 1
10166 1
10167 1
10168 1
10169 1
10171 1
10174 1
10175 1
10176 1
10178 1
10180 1
10181 1
10182 1
10186 1
10189 1
10190 1
10191 1
10195 1
10197 1
10198 1
10199 1
10200 1
10201 1
10204 1
10205 1
10206 1
10208 1
10209 1
10210 1
10211 1
10212 1
10213 1
10214 1
10215 1
10216 1
10217 1
10218 1
10219 1
10220 1
10222 1
10223 1
10224 1
10225 1
10227 1
10228 1
10229 1
10232 1
10235 1
10236 1
10237 1
10238 1
10239 1
10241 1
10242 1
10247 1
10248 1
10252 1
10253 1
10254 1
10255 1
10258 1
10259 1
10260 1
10261 1
10264 1
10266 1
10267 1
10268 1
10269 1
10270 1
10271 1
10274 1
10275 1
10276 1
10277 1
10278 1
10279 1
10281 1
10282 1
10283 1
10284 1
10287 1
10292 1
10295 1
10296 1
10297 1
10298 1
10299 1
10301 1
10302 1
10303 1
10306 1
10307 1
10309 1
10310 1
10311 1
10312 1
10313 1
10314 1
10316 1
10317 1
10318 1
10319 1
10320 1
10321 1
10322 1
10323 1
10324 1
10326 1
10330 1
10331 1
10332 1
10333 1
10334 1
10335 1
10336 1
10339 1
10340 1
10341 1
10342 1
10343 1
10344 1
10345 1
10346 1
10347 1
10348 1
10350 1
10351 1
10353 1
10355 1
10357 1
10358 1
10359 1
10360 1
10361 1
10362 1
10364 1
10365 1
10366 1
10367 1
10368 1
10369 1
10370 1
10372 1
10374 1
10375 1
10376 1
10379 1
10380 1
10381 1
10384 1
10385 1
10386 1
10387 1
10388 1
10389 1
10390 1
10391 1
10392 1
10393 1
10395 1
10396 1
10397 1
10399 1
10400 1
10401 1
10402 1
10403 1
10404 1
10405 1
10407 1
10408 1
10409 1
10410 1
10411 1
10412 1
10414 1
10415 1
10417 1
10419 1
10420 1
10421 1
10423 1
10424 1
10426 1
10427 1
10428 1
10429 1
10430 1
10431 1
10432 1
10433 1
10434 1
10436 1
10437 1
10442 1
10443 1
10444 1
10445 1
10447 1
10448 1
10451 1
10454 1
10455 1
10458 1
10459 1
10461 1
10462 1
10463 1
10464 1
10465 1
10466 1
10467 1
10468 1
10469 1
10470 1
10471 1
10472 1
10473 1
10474 1
10475 1
10476 1
10480 1
10481 1
10482 1
10483 1
10484 1
10485 1
10486 1
10487 1
10488 1
10489 1
10490 1
10491 1
10494 1
10495 1
10496 1
10498 1
10499 1
10500 1
10502 1
10503 1
10504 1
10505 1
10506 1
10508 1
10509 1
10510 1
10511 1
10512 1
10513 1
10514 1
10515 1
10516 1
10517 1
10518 1
10524 1
10525 1
10528 1
10529 1
10530 1
10531 1
10532 1
10533 1
10536 1
10537 1
10538 1
10539 1
10540 1
10541 1
10542 1
10543 1
10544 1
10545 1
10546 1
10547 1
10549 1
10550 1
10552 1
10553 1
10554 1
10555 1
10556 1
10557 1
10558 1
10559 1
10560 1
10562 1
10563 1
10564 1
10565 1
10568 1
10569 1
10570 1
10571 1
10572 1
10573 1
10574 1
10575 1
10576 1
10577 1
10579 1
10580 1
10581 1
10582 1
10584 1
10585 1
10586 1
10587 1
10589 1
10591 1
10593 1
10594 1
10595 1
10596 1
10597 1
10598 1
10599 1
10600 1
10602 1
10603 1
10604 1
10605 1
10607 1
10608 1
10609 1
10610 1
10611 1
10614 1
10615 1
10616 1
10618 1
10619 1
10620 1
10621 1
10622 1
10623 1
10625 1
10627 1
10628 1
10630 1
10631 1
10632 1
10634 1
10635 1
10637 1
10638 1
10639 1
10640 1
10643 1
10645 1
10646 1
10648 1
10651 1
10652 1
10653 1
10654 1
10655 1
10656 1
10657 1
10658 1
10661 1
10662 1
10663 1
10664 1
10665 1
10667 1
10668 1
10669 1
10672 1
10673 1
10675 1
10676 1
10677 1
10678 1
10679 1
10680 1
10681 1
10682 1
10683 1
10684 1
10685 1
10686 1
10687 1
10688 1
10689 1
10690 1
10691 1
10692 1
10693 1
10694 1
10696 1
10697 1
10698 1
10699 1
10700 1
10701 1
10702 1
10703 1
10704 1
10705 1
10707 1
10709 1
10710 1
10711 1
10712 1
10713 1
10714 1
10715 1
10716 1
10717 1
10718 1
10720 1
10721 1
10722 1
10723 1
10724 1
10725 1
10729 1
10730 1
10731 1
10732 1
10733 1
10734 1
10736 1
10737 1
10738 1
10739 1
10740 1
10741 1
10742 1
10743 1
10744 1
10745 1
10746 1
10747 1
10748 1
10749 1
10750 1
10751 1
10752 1
10753 1
10755 1
10756 1
10757 1
10758 1
10759 1
10760 1
10761 1
10762 1
10763 1
10764 1
10765 1
10766 1
10767 1
10768 1
10769 1
10771 1
10772 1
10773 1
10774 1
10776 1
10777 1
10778 1
10779 1
10780 1
10782 1
10783 1
10784 1
10785 1
10786 1
10787 1
10788 1
10789 1
10791 1
10792 1
10793 1
10794 1
10795 1
10796 1
10797 1
10798 1
10799 1
10800 1
10801 1
10802 1
10804 1
10805 1
10806 1
10807 1
10808 1
10810 1
10811 1
10812 1
10813 1
10814 1
10815 1
10816 1
10817 1
10818 1
10819 1
10820 1
10821 1
10822 1
10823 1
10824 1
10825 1
10826 1
10827 1
10828 1
10829 1
10830 1
10831 1
10832 1
10833 1
10834 1
10835 1
10836 1
10837 1
10838 1
10839 1
10840 1
10841 1
10842 1
10843 1
10844 1
10845 1
10846 1
10847 1
10848 1
10849 1
10850 1
10851 1
10852 1
10853 1
10854 1
10855 1
10856 1
10857 1
10858 1
10859 1
10860 1
10861 1
10862 1
10863 1
10864 1
10865 1
10866 1
10867 1
10868 1
10869 1
10870 1
10871 1
10872 1
10873 1
10875 1
10876 1
10877 1
10878 1
5586 0
7383 0
7388 0
8903 0
9212 0
9350 0
9352 0
9364 0
9367 0
9466 0
9845 0
9854 0
9856 0
9888 0
10005 0
10007 0
10453 0
10460 0
10606 0
10874 0
