#NId Centrality
3109 103
1054 82
9134 66
407 65
1056 65
1655 64
261 63
410 62
453 61
5617 61
263 59
165 58
171 58
987 56
1536 56
345 55
1198 54
127 52
763 52
989 52
408 51
2416 51
699 50
6101 49
1164 48
147 47
867 47
988 47
1537 47
99 46
412 46
1971 46
2265 46
1551 45
131 44
348 44
495 43
566 43
1456 43
1534 43
2485 43
4097 43
765 42
889 42
1535 42
2096 42
3556 42
3802 42
5598 42
344 41
1055 41
1943 41
4496 41
794 40
568 39
696 39
3761 39
2195 38
2364 38
3060 38
4057 38
4673 38
5673 38
168 37
1503 37
1529 37
220 36
565 36
1255 36
2196 36
3076 36
129 35
133 35
314 35
984 35
1058 35
2197 35
2484 35
405 34
695 34
1959 34
6323 34
8308 34
132 33
698 33
1553 33
1890 33
2975 33
167 32
260 32
693 32
945 32
1116 32
3427 32
4609 32
130 31
347 31
567 31
781 31
812 31
961 31
1528 31
1579 31
200 30
346 30
1186 30
1252 30
2927 30
4094 30
5884 30
128 29
267 29
628 29
648 29
761 29
1091 29
1904 29
1905 29
2787 29
148 28
170 28
343 28
1050 28
1185 28
1322 28
1506 28
1614 28
3075 28
4870 28
92 27
190 27
669 27
714 27
819 27
982 27
1021 27
1165 27
1552 27
1717 27
4054 27
8458 27
10043 27
106 26
266 26
329 26
397 26
756 26
766 26
1176 26
1282 26
1299 26
1315 26
1356 26
1598 26
1657 26
2365 26
2710 26
3578 26
3743 26
3881 26
5315 26
58 25
90 25
97 25
149 25
205 25
296 25
411 25
630 25
633 25
762 25
1031 25
1057 25
1143 25
1151 25
1354 25
1697 25
1962 25
2018 25
2268 25
2853 25
2904 25
3065 25
3181 25
4643 25
5026 25
6426 25
94 24
118 24
137 24
223 24
237 24
265 24
390 24
638 24
985 24
1042 24
1504 24
1764 24
1765 24
2091 24
2389 24
2658 24
2952 24
3253 24
3297 24
3530 24
3772 24
4765 24
7483 24
8195 24
83 23
93 23
120 23
185 23
275 23
786 23
1324 23
1883 23
1884 23
1922 23
1968 23
2283 23
2396 23
2580 23
2602 23
2661 23
2863 23
3093 23
3101 23
3643 23
4077 23
4353 23
6097 23
9720 23
121 22
161 22
239 22
252 22
311 22
340 22
430 22
443 22
615 22
637 22
649 22
753 22
850 22
855 22
1003 22
1053 22
1109 22
1919 22
1963 22
2181 22
2674 22
2684 22
2785 22
3094 22
3158 22
3861 22
4664 22
5149 22
5403 22
6479 22
7428 22
75 21
125 21
187 21
192 21
315 21
328 21
330 21
381 21
487 21
515 21
545 21
621 21
664 21
697 21
742 21
754 21
901 21
1141 21
1217 21
1229 21
1347 21
1382 21
1533 21
1711 21
1824 21
1932 21
2204 21
2212 21
2320 21
2331 21
2387 21
2415 21
2543 21
2738 21
2763 21
2882 21
2931 21
2989 21
3167 21
3344 21
3384 21
3798 21
4166 21
4352 21
4407 21
4465 21
4947 21
4987 21
5082 21
5216 21
5589 21
5728 21
6008 21
6139 21
8342 21
89 20
124 20
180 20
262 20
356 20
429 20
512 20
538 20
569 20
642 20
851 20
920 20
923 20
1072 20
1203 20
1306 20
1323 20
1455 20
1538 20
1633 20
1664 20
1670 20
1699 20
1867 20
1927 20
1940 20
2011 20
2145 20
2151 20
2169 20
2285 20
2412 20
2433 20
2552 20
2620 20
2634 20
2663 20
2810 20
2811 20
2813 20
2819 20
2836 20
2840 20
2915 20
2976 20
3132 20
3212 20
3247 20
3355 20
3484 20
3494 20
3565 20
3583 20
3638 20
3765 20
3958 20
4065 20
4226 20
4403 20
4611 20
4655 20
4682 20
4745 20
5064 20
5329 20
5372 20
5903 20
5925 20
6822 20
7400 20
10231 20
46 19
65 19
288 19
290 19
424 19
447 19
505 19
547 19
570 19
582 19
596 19
610 19
631 19
650 19
824 19
838 19
856 19
870 19
958 19
983 19
992 19
1024 19
1172 19
1194 19
1330 19
1353 19
1391 19
1408 19
1487 19
1527 19
1625 19
1632 19
1663 19
1747 19
1785 19
1809 19
1814 19
1934 19
2002 19
2034 19
2127 19
2144 19
2513 19
2564 19
2584 19
2628 19
2854 19
3047 19
3128 19
3222 19
3263 19
3264 19
3305 19
3399 19
3592 19
3614 19
3639 19
3684 19
3763 19
3767 19
3780 19
3782 19
3858 19
3890 19
3941 19
4035 19
4299 19
4437 19
4525 19
4555 19
4699 19
4769 19
4806 19
4996 19
5096 19
5284 19
5385 19
5519 19
5686 19
5765 19
5973 19
7008 19
7338 19
25 18
26 18
87 18
107 18
162 18
174 18
176 18
189 18
213 18
234 18
238 18
244 18
375 18
433 18
467 18
560 18
577 18
581 18
620 18
660 18
674 18
694 18
703 18
709 18
750 18
788 18
789 18
796 18
832 18
904 18
911 18
928 18
931 18
932 18
935 18
946 18
952 18
970 18
977 18
986 18
1026 18
1073 18
1079 18
1105 18
1107 18
1168 18
1169 18
1231 18
1258 18
1295 18
1308 18
1327 18
1359 18
1367 18
1409 18
1440 18
1491 18
1626 18
1639 18
1652 18
1665 18
1774 18
1787 18
1805 18
1835 18
2007 18
2028 18
2062 18
2166 18
2221 18
2231 18
2343 18
2383 18
2403 18
2532 18
2533 18
2560 18
2672 18
2695 18
2812 18
2866 18
2898 18
2993 18
3055 18
3127 18
3210 18
3311 18
3377 18
3418 18
3468 18
3574 18
3716 18
3727 18
3905 18
3908 18
3925 18
3949 18
3982 18
3999 18
4078 18
4127 18
4128 18
4139 18
4142 18
4159 18
4199 18
4274 18
4315 18
4369 18
4391 18
4687 18
4729 18
4794 18
4937 18
5152 18
5192 18
5406 18
5488 18
5539 18
5651 18
5821 18
5941 18
6250 18
6405 18
6428 18
6453 18
6519 18
6841 18
6849 18
7453 18
7724 18
7731 18
7858 18
8331 18
8625 18
8773 18
9152 18
9153 18
9547 18
9774 18
0 17
9 17
44 17
54 17
81 17
91 17
141 17
206 17
270 17
277 17
335 17
354 17
382 17
385 17
486 17
562 17
574 17
590 17
592 17
605 17
640 17
647 17
675 17
677 17
692 17
702 17
720 17
727 17
826 17
834 17
846 17
860 17
871 17
925 17
943 17
1008 17
1088 17
1101 17
1223 17
1281 17
1317 17
1334 17
1365 17
1398 17
1401 17
1421 17
1472 17
1550 17
1555 17
1574 17
1592 17
1611 17
1669 17
1718 17
1755 17
1807 17
1826 17
1841 17
1846 17
1850 17
1893 17
1903 17
1929 17
1933 17
1953 17
2107 17
2112 17
2143 17
2182 17
2236 17
2288 17
2323 17
2346 17
2367 17
2388 17
2409 17
2458 17
2497 17
2517 17
2527 17
2528 17
2619 17
2660 17
2662 17
2714 17
2734 17
2747 17
2775 17
2790 17
2830 17
2862 17
2912 17
2914 17
3066 17
3084 17
3134 17
3196 17
3199 17
3223 17
3274 17
3299 17
3300 17
3343 17
3376 17
3502 17
3546 17
3626 17
3627 17
3678 17
3680 17
3705 17
3831 17
3856 17
3889 17
3901 17
3903 17
3970 17
4046 17
4086 17
4125 17
4173 17
4201 17
4224 17
4249 17
4355 17
4546 17
4564 17
4584 17
4617 17
4711 17
4759 17
4798 17
4804 17
4864 17
4957 17
5139 17
5206 17
5297 17
5347 17
5453 17
5570 17
5580 17
5631 17
5694 17
5733 17
5742 17
5844 17
5860 17
5861 17
5873 17
5920 17
5979 17
6041 17
6108 17
6154 17
6190 17
6242 17
6294 17
6355 17
6567 17
6679 17
6722 17
6787 17
6937 17
7002 17
7023 17
7343 17
7439 17
7529 17
7551 17
7595 17
7629 17
7651 17
7743 17
7849 17
7894 17
8559 17
9696 17
9702 17
9884 17
10111 17
3 16
4 16
30 16
39 16
71 16
115 16
136 16
150 16
157 16
240 16
241 16
256 16
273 16
292 16
308 16
319 16
327 16
360 16
463 16
493 16
498 16
516 16
550 16
576 16
580 16
614 16
661 16
685 16
705 16
717 16
722 16
790 16
835 16
837 16
841 16
864 16
893 16
912 16
934 16
993 16
1015 16
1025 16
1111 16
1130 16
1145 16
1157 16
1158 16
1166 16
1202 16
1218 16
1243 16
1248 16
1340 16
1368 16
1373 16
1386 16
1400 16
1414 16
1428 16
1430 16
1459 16
1586 16
1589 16
1656 16
1658 16
1713 16
1719 16
1739 16
1740 16
1746 16
1750 16
1760 16
1795 16
1845 16
1863 16
1900 16
1997 16
2006 16
2017 16
2022 16
2113 16
2116 16
2119 16
2128 16
2165 16
2244 16
2309 16
2315 16
2316 16
2340 16
2354 16
2359 16
2395 16
2440 16
2455 16
2467 16
2483 16
2486 16
2504 16
2518 16
2546 16
2570 16
2618 16
2624 16
2651 16
2683 16
2709 16
2744 16
2789 16
2828 16
2928 16
2996 16
3001 16
3004 16
3052 16
3070 16
3078 16
3135 16
3156 16
3164 16
3173 16
3216 16
3245 16
3351 16
3373 16
3382 16
3396 16
3400 16
3413 16
3453 16
3529 16
3531 16
3624 16
3665 16
3697 16
3698 16
3815 16
3826 16
3827 16
3837 16
3885 16
3887 16
3912 16
3923 16
3959 16
3987 16
3997 16
4002 16
4006 16
4030 16
4085 16
4120 16
4190 16
4212 16
4303 16
4342 16
4386 16
4462 16
4491 16
4505 16
4524 16
4536 16
4560 16
4575 16
4610 16
4631 16
4641 16
4675 16
4681 16
4717 16
4780 16
4819 16
4862 16
4875 16
5015 16
5017 16
5081 16
5128 16
5130 16
5143 16
5156 16
5184 16
5201 16
5209 16
5215 16
5223 16
5288 16
5302 16
5341 16
5432 16
5442 16
5622 16
5663 16
5791 16
5837 16
5968 16
5976 16
5999 16
6077 16
6087 16
6088 16
6112 16
6137 16
6150 16
6161 16
6165 16
6169 16
6184 16
6204 16
6238 16
6248 16
6255 16
6388 16
6440 16
6451 16
6577 16
7112 16
7318 16
7349 16
7359 16
7461 16
7999 16
8097 16
8232 16
8545 16
8564 16
8743 16
8984 16
9002 16
9110 16
9635 16
10159 16
17 15
73 15
76 15
146 15
195 15
198 15
217 15
236 15
248 15
254 15
264 15
316 15
317 15
374 15
409 15
421 15
439 15
468 15
510 15
558 15
564 15
595 15
617 15
639 15
644 15
719 15
721 15
774 15
823 15
840 15
853 15
886 15
892 15
897 15
938 15
1014 15
1039 15
1061 15
1086 15
1155 15
1171 15
1228 15
1235 15
1314 15
1318 15
1328 15
1369 15
1375 15
1433 15
1450 15
1458 15
1461 15
1500 15
1525 15
1549 15
1584 15
1588 15
1604 15
1613 15
1643 15
1685 15
1698 15
1721 15
1732 15
1744 15
1752 15
1758 15
1763 15
1766 15
1772 15
1776 15
1794 15
1839 15
1842 15
1847 15
1851 15
1856 15
1938 15
1955 15
1958 15
1974 15
2026 15
2044 15
2066 15
2078 15
2094 15
2102 15
2131 15
2137 15
2146 15
2191 15
2234 15
2239 15
2257 15
2319 15
2342 15
2345 15
2357 15
2400 15
2419 15
2421 15
2425 15
2447 15
2475 15
2492 15
2510 15
2516 15
2520 15
2531 15
2541 15
2565 15
2595 15
2600 15
2605 15
2639 15
2680 15
2692 15
2721 15
2751 15
2752 15
2769 15
2770 15
2796 15
2806 15
2867 15
2873 15
2901 15
2909 15
2922 15
2944 15
2950 15
2995 15
3006 15
3020 15
3088 15
3126 15
3130 15
3133 15
3154 15
3207 15
3215 15
3225 15
3226 15
3236 15
3281 15
3318 15
3336 15
3368 15
3378 15
3421 15
3568 15
3581 15
3629 15
3630 15
3650 15
3651 15
3676 15
3679 15
3690 15
3714 15
3734 15
3859 15
3876 15
3934 15
3966 15
3985 15
4020 15
4036 15
4037 15
4049 15
4095 15
4099 15
4101 15
4111 15
4122 15
4147 15
4202 15
4223 15
4244 15
4245 15
4261 15
4286 15
4313 15
4349 15
4356 15
4362 15
4394 15
4411 15
4416 15
4417 15
4488 15
4499 15
4526 15
4530 15
4568 15
4583 15
4593 15
4606 15
4628 15
4657 15
4660 15
4694 15
4705 15
4727 15
4779 15
4839 15
4936 15
4955 15
4959 15
4980 15
4990 15
5043 15
5086 15
5132 15
5135 15
5172 15
5224 15
5225 15
5231 15
5233 15
5282 15
5330 15
5376 15
5386 15
5408 15
5416 15
5424 15
5478 15
5499 15
5503 15
5505 15
5520 15
5528 15
5609 15
5612 15
5615 15
5630 15
5642 15
5662 15
5693 15
5747 15
5755 15
5768 15
5769 15
5770 15
5811 15
5871 15
5886 15
5894 15
5908 15
5947 15
5960 15
6017 15
6083 15
6098 15
6104 15
6168 15
6175 15
6201 15
6208 15
6221 15
6244 15
6284 15
6285 15
6293 15
6326 15
6356 15
6450 15
6469 15
6493 15
6607 15
6691 15
6815 15
6842 15
6847 15
6890 15
6945 15
6992 15
7036 15
7038 15
7071 15
7098 15
7118 15
7130 15
7174 15
7206 15
7232 15
7255 15
7530 15
7554 15
7692 15
7752 15
7826 15
7883 15
7932 15
7940 15
8047 15
8076 15
8401 15
8489 15
8868 15
8897 15
9216 15
9276 15
9282 15
9300 15
9319 15
9346 15
9707 15
10022 15
10183 15
1 14
10 14
19 14
20 14
38 14
84 14
109 14
110 14
229 14
272 14
280 14
281 14
286 14
304 14
378 14
413 14
423 14
428 14
437 14
438 14
473 14
476 14
480 14
481 14
483 14
506 14
533 14
534 14
591 14
603 14
604 14
654 14
657 14
666 14
683 14
688 14
691 14
723 14
726 14
730 14
743 14
791 14
825 14
827 14
833 14
839 14
847 14
849 14
859 14
865 14
866 14
890 14
891 14
941 14
955 14
963 14
967 14
1062 14
1070 14
1080 14
1082 14
1102 14
1110 14
1112 14
1121 14
1135 14
1140 14
1153 14
1159 14
1177 14
1192 14
1197 14
1199 14
1204 14
1219 14
1234 14
1274 14
1294 14
1305 14
1311 14
1319 14
1333 14
1352 14
1377 14
1410 14
1425 14
1451 14
1483 14
1501 14
1502 14
1513 14
1516 14
1545 14
1561 14
1565 14
1581 14
1595 14
1646 14
1660 14
1675 14
1682 14
1706 14
1757 14
1786 14
1799 14
1827 14
1909 14
1984 14
2005 14
2050 14
2067 14
2098 14
2117 14
2124 14
2159 14
2178 14
2220 14
2227 14
2254 14
2262 14
2351 14
2356 14
2363 14
2393 14
2410 14
2437 14
2448 14
2505 14
2535 14
2537 14
2574 14
2579 14
2603 14
2626 14
2675 14
2727 14
2781 14
2797 14
2823 14
2851 14
2855 14
2856 14
2865 14
2870 14
2877 14
2883 14
2888 14
2895 14
2897 14
2899 14
2906 14
2963 14
2977 14
3000 14
3028 14
3046 14
3058 14
3061 14
3106 14
3125 14
3131 14
3139 14
3144 14
3153 14
3174 14
3178 14
3184 14
3208 14
3220 14
3221 14
3282 14
3292 14
3330 14
3338 14
3369 14
3375 14
3386 14
3426 14
3443 14
3481 14
3485 14
3504 14
3534 14
3537 14
3554 14
3572 14
3607 14
3615 14
3635 14
3645 14
3687 14
3729 14
3742 14
3748 14
3810 14
3867 14
3875 14
3897 14
3909 14
3910 14
3913 14
3916 14
3917 14
3924 14
3926 14
3933 14
3936 14
3968 14
3983 14
3989 14
3995 14
4005 14
4016 14
4024 14
4034 14
4038 14
4039 14
4121 14
4129 14
4138 14
4140 14
4155 14
4184 14
4191 14
4192 14
4248 14
4254 14
4268 14
4277 14
4279 14
4289 14
4294 14
4309 14
4354 14
4364 14
4374 14
4378 14
4395 14
4404 14
4420 14
4425 14
4492 14
4494 14
4495 14
4504 14
4571 14
4580 14
4592 14
4688 14
4692 14
4709 14
4728 14
4731 14
4807 14
4829 14
4854 14
4861 14
4868 14
4874 14
4903 14
4960 14
4977 14
5032 14
5046 14
5066 14
5079 14
5088 14
5123 14
5142 14
5147 14
5173 14
5181 14
5185 14
5205 14
5228 14
5232 14
5238 14
5258 14
5285 14
5295 14
5307 14
5310 14
5342 14
5349 14
5354 14
5398 14
5447 14
5456 14
5468 14
5500 14
5546 14
5553 14
5577 14
5594 14
5690 14
5696 14
5771 14
5779 14
5789 14
5798 14
5800 14
5807 14
5820 14
5824 14
5850 14
5885 14
5928 14
5932 14
5935 14
5946 14
6015 14
6053 14
6102 14
6105 14
6120 14
6122 14
6126 14
6162 14
6178 14
6202 14
6212 14
6253 14
6265 14
6299 14
6300 14
6303 14
6338 14
6382 14
6386 14
6395 14
6543 14
6544 14
6586 14
6615 14
6636 14
6647 14
6656 14
6687 14
6688 14
6696 14
6771 14
6780 14
6784 14
6794 14
6802 14
6843 14
6853 14
6883 14
6886 14
6927 14
6974 14
7007 14
7010 14
7019 14
7029 14
7067 14
7128 14
7221 14
7225 14
7270 14
7315 14
7326 14
7335 14
7361 14
7420 14
7434 14
7438 14
7475 14
7485 14
7522 14
7567 14
7597 14
7601 14
7608 14
7625 14
7650 14
7662 14
7687 14
7719 14
7796 14
7836 14
7843 14
7879 14
8104 14
8120 14
8124 14
8169 14
8225 14
8228 14
8247 14
8293 14
8375 14
8484 14
8490 14
8537 14
8568 14
8585 14
8675 14
8685 14
8728 14
8744 14
8766 14
8828 14
8843 14
8854 14
8875 14
8975 14
9003 14
9018 14
9021 14
9024 14
9094 14
9113 14
9144 14
9322 14
9358 14
9370 14
9374 14
9614 14
9636 14
9722 14
9867 14
9894 14
9916 14
9960 14
9974 14
14 13
23 13
33 13
66 13
77 13
88 13
101 13
123 13
154 13
178 13
184 13
194 13
201 13
251 13
268 13
285 13
287 13
289 13
305 13
349 13
386 13
445 13
454 13
466 13
474 13
475 13
526 13
527 13
535 13
556 13
593 13
597 13
601 13
611 13
678 13
684 13
713 13
735 13
744 13
758 13
768 13
795 13
811 13
820 13
829 13
842 13
862 13
902 13
922 13
927 13
930 13
956 13
971 13
972 13
990 13
1011 13
1018 13
1019 13
1030 13
1065 13
1117 13
1154 13
1184 13
1201 13
1224 13
1236 13
1240 13
1242 13
1244 13
1269 13
1291 13
1300 13
1332 13
1339 13
1357 13
1364 13
1372 13
1384 13
1393 13
1396 13
1415 13
1443 13
1444 13
1454 13
1489 13
1493 13
1499 13
1522 13
1546 13
1547 13
1556 13
1568 13
1585 13
1590 13
1597 13
1601 13
1605 13
1622 13
1630 13
1677 13
1691 13
1712 13
1745 13
1782 13
1791 13
1808 13
1811 13
1819 13
1838 13
1849 13
1858 13
1910 13
1931 13
1946 13
1987 13
1993 13
2021 13
2024 13
2039 13
2045 13
2052 13
2057 13
2071 13
2079 13
2082 13
2085 13
2111 13
2138 13
2157 13
2162 13
2179 13
2188 13
2192 13
2207 13
2232 13
2238 13
2273 13
2278 13
2280 13
2281 13
2292 13
2307 13
2324 13
2326 13
2336 13
2337 13
2361 13
2380 13
2381 13
2413 13
2414 13
2430 13
2438 13
2443 13
2444 13
2450 13
2452 13
2463 13
2496 13
2506 13
2515 13
2587 13
2597 13
2633 13
2653 13
2659 13
2691 13
2720 13
2726 13
2755 13
2756 13
2773 13
2793 13
2809 13
2859 13
2860 13
2869 13
2875 13
2893 13
2902 13
2917 13
2943 13
2953 13
2986 13
3009 13
3054 13
3087 13
3122 13
3146 13
3170 13
3191 13
3193 13
3229 13
3230 13
3254 13
3256 13
3293 13
3315 13
3337 13
3357 13
3379 13
3387 13
3391 13
3411 13
3441 13
3470 13
3473 13
3479 13
3490 13
3517 13
3542 13
3555 13
3562 13
3604 13
3606 13
3609 13
3611 13
3616 13
3617 13
3618 13
3637 13
3692 13
3699 13
3710 13
3752 13
3757 13
3769 13
3793 13
3838 13
3839 13
3841 13
3850 13
3857 13
3880 13
3899 13
3919 13
3927 13
3943 13
3953 13
4013 13
4033 13
4051 13
4066 13
4102 13
4107 13
4108 13
4189 13
4194 13
4215 13
4239 13
4270 13
4312 13
4318 13
4324 13
4326 13
4328 13
4329 13
4331 13
4344 13
4382 13
4398 13
4451 13
4522 13
4534 13
4586 13
4587 13
4691 13
4693 13
4695 13
4708 13
4718 13
4719 13
4751 13
4752 13
4777 13
4800 13
4811 13
4813 13
4816 13
4822 13
4826 13
4837 13
4838 13
4855 13
4866 13
4981 13
4992 13
5006 13
5029 13
5038 13
5048 13
5065 13
5067 13
5109 13
5145 13
5166 13
5191 13
5207 13
5254 13
5270 13
5292 13
5298 13
5355 13
5415 13
5425 13
5443 13
5450 13
5480 13
5485 13
5510 13
5517 13
5568 13
5569 13
5616 13
5635 13
5636 13
5637 13
5711 13
5744 13
5772 13
5806 13
5808 13
5832 13
5838 13
5839 13
5863 13
5867 13
5881 13
5888 13
5897 13
5909 13
5911 13
5915 13
5922 13
5926 13
6014 13
6042 13
6084 13
6090 13
6114 13
6117 13
6180 13
6193 13
6206 13
6207 13
6225 13
6230 13
6240 13
6256 13
6257 13
6271 13
6283 13
6304 13
6306 13
6309 13
6327 13
6374 13
6392 13
6444 13
6452 13
6474 13
6514 13
6533 13
6536 13
6549 13
6560 13
6562 13
6609 13
6643 13
6662 13
6676 13
6681 13
6707 13
6716 13
6734 13
6736 13
6748 13
6814 13
6821 13
6839 13
6859 13
6891 13
6950 13
6953 13
6968 13
6986 13
7005 13
7015 13
7021 13
7078 13
7106 13
7126 13
7131 13
7154 13
7173 13
7178 13
7195 13
7199 13
7223 13
7230 13
7236 13
7240 13
7249 13
7256 13
7360 13
7369 13
7374 13
7405 13
7412 13
7429 13
7435 13
7472 13
7496 13
7507 13
7510 13
7514 13
7524 13
7541 13
7542 13
7565 13
7605 13
7606 13
7611 13
7615 13
7639 13
7643 13
7661 13
7669 13
7679 13
7682 13
7742 13
7805 13
7808 13
7823 13
7830 13
7859 13
7874 13
7876 13
7880 13
7892 13
7929 13
7934 13
7955 13
7959 13
7966 13
8033 13
8038 13
8042 13
8070 13
8098 13
8127 13
8144 13
8196 13
8265 13
8267 13
8338 13
8348 13
8381 13
8390 13
8415 13
8437 13
8454 13
8457 13
8459 13
8461 13
8488 13
8511 13
8520 13
8528 13
8536 13
8586 13
8587 13
8590 13
8619 13
8624 13
8641 13
8642 13
8663 13
8670 13
8673 13
8699 13
8700 13
8725 13
8735 13
8751 13
8764 13
8791 13
8834 13
8869 13
8892 13
8954 13
8962 13
8977 13
8978 13
8988 13
8989 13
8995 13
9010 13
9034 13
9056 13
9083 13
9092 13
9214 13
9263 13
9302 13
9309 13
9378 13
9381 13
9401 13
9421 13
9490 13
9503 13
9525 13
9628 13
9634 13
9639 13
9714 13
9732 13
9755 13
9849 13
9860 13
9907 13
9908 13
9965 13
9986 13
10045 13
10054 13
10081 13
10149 13
10177 13
10185 13
10193 13
10194 13
10263 13
10626 13
10671 13
11 12
12 12
80 12
112 12
134 12
166 12
175 12
181 12
235 12
242 12
282 12
318 12
325 12
326 12
342 12
352 12
355 12
358 12
387 12
399 12
426 12
427 12
448 12
458 12
464 12
484 12
489 12
497 12
507 12
524 12
531 12
542 12
561 12
632 12
668 12
671 12
673 12
706 12
740 12
759 12
772 12
792 12
798 12
821 12
822 12
830 12
844 12
857 12
882 12
896 12
900 12
916 12
924 12
937 12
966 12
973 12
1017 12
1048 12
1052 12
1113 12
1122 12
1128 12
1175 12
1180 12
1188 12
1214 12
1246 12
1259 12
1263 12
1278 12
1293 12
1348 12
1349 12
1361 12
1374 12
1378 12
1379 12
1395 12
1446 12
1448 12
1464 12
1494 12
1512 12
1518 12
1543 12
1562 12
1572 12
1596 12
1607 12
1608 12
1619 12
1621 12
1647 12
1661 12
1683 12
1688 12
1696 12
1714 12
1715 12
1720 12
1727 12
1742 12
1762 12
1773 12
1775 12
1781 12
1837 12
1840 12
1859 12
1868 12
1872 12
1881 12
1921 12
1925 12
1937 12
1939 12
1949 12
1967 12
2004 12
2040 12
2043 12
2056 12
2073 12
2083 12
2130 12
2135 12
2154 12
2203 12
2209 12
2246 12
2247 12
2261 12
2264 12
2282 12
2291 12
2293 12
2306 12
2314 12
2327 12
2349 12
2370 12
2390 12
2408 12
2424 12
2435 12
2460 12
2461 12
2466 12
2469 12
2472 12
2487 12
2489 12
2490 12
2494 12
2548 12
2559 12
2631 12
2681 12
2690 12
2693 12
2715 12
2716 12
2736 12
2774 12
2791 12
2792 12
2795 12
2799 12
2815 12
2835 12
2843 12
2871 12
2876 12
2878 12
2885 12
2886 12
2891 12
2948 12
2978 12
2980 12
2999 12
3021 12
3022 12
3035 12
3064 12
3115 12
3143 12
3197 12
3204 12
3217 12
3251 12
3257 12
3265 12
3278 12
3285 12
3289 12
3291 12
3342 12
3356 12
3360 12
3380 12
3402 12
3406 12
3455 12
3458 12
3464 12
3469 12
3471 12
3476 12
3477 12
3487 12
3499 12
3503 12
3536 12
3548 12
3552 12
3558 12
3560 12
3575 12
3590 12
3599 12
3602 12
3603 12
3647 12
3675 12
3689 12
3750 12
3795 12
3807 12
3822 12
3824 12
3832 12
3878 12
3900 12
3944 12
3947 12
3957 12
3962 12
3986 12
4000 12
4007 12
4019 12
4048 12
4060 12
4061 12
4064 12
4067 12
4082 12
4100 12
4137 12
4148 12
4150 12
4152 12
4205 12
4232 12
4276 12
4322 12
4336 12
4366 12
4402 12
4412 12
4430 12
4448 12
4459 12
4467 12
4471 12
4475 12
4479 12
4493 12
4498 12
4516 12
4538 12
4552 12
4569 12
4570 12
4585 12
4589 12
4620 12
4632 12
4648 12
4666 12
4679 12
4690 12
4700 12
4704 12
4712 12
4713 12
4720 12
4744 12
4771 12
4778 12
4782 12
4817 12
4830 12
4848 12
4867 12
4869 12
4909 12
4913 12
4920 12
4928 12
4931 12
4949 12
4951 12
4956 12
4964 12
4969 12
4984 12
4988 12
5025 12
5055 12
5060 12
5062 12
5074 12
5075 12
5089 12
5107 12
5111 12
5119 12
5144 12
5150 12
5161 12
5180 12
5189 12
5196 12
5197 12
5211 12
5241 12
5247 12
5255 12
5272 12
5320 12
5335 12
5350 12
5402 12
5413 12
5466 12
5469 12
5472 12
5502 12
5509 12
5515 12
5534 12
5540 12
5556 12
5583 12
5588 12
5591 12
5644 12
5682 12
5702 12
5705 12
5712 12
5722 12
5732 12
5736 12
5754 12
5763 12
5785 12
5842 12
5901 12
5916 12
5940 12
5942 12
5956 12
5962 12
5963 12
5966 12
6001 12
6040 12
6055 12
6058 12
6071 12
6075 12
6134 12
6143 12
6145 12
6147 12
6194 12
6200 12
6219 12
6231 12
6234 12
6267 12
6305 12
6319 12
6329 12
6335 12
6336 12
6340 12
6344 12
6362 12
6394 12
6413 12
6415 12
6421 12
6425 12
6430 12
6432 12
6458 12
6459 12
6512 12
6532 12
6603 12
6625 12
6661 12
6664 12
6677 12
6694 12
6723 12
6785 12
6798 12
6823 12
6825 12
6834 12
6844 12
6876 12
6884 12
6885 12
6907 12
6912 12
6926 12
6928 12
6941 12
6961 12
6988 12
6998 12
7000 12
7020 12
7027 12
7033 12
7040 12
7042 12
7062 12
7066 12
7070 12
7092 12
7095 12
7102 12
7117 12
7121 12
7127 12
7129 12
7164 12
7171 12
7190 12
7200 12
7201 12
7216 12
7222 12
7244 12
7251 12
7309 12
7351 12
7355 12
7375 12
7403 12
7421 12
7433 12
7440 12
7451 12
7470 12
7528 12
7533 12
7549 12
7564 12
7587 12
7596 12
7602 12
7620 12
7624 12
7627 12
7685 12
7689 12
7690 12
7699 12
7703 12
7705 12
7706 12
7707 12
7727 12
7733 12
7738 12
7803 12
7837 12
7884 12
7888 12
7898 12
7900 12
7902 12
7947 12
7973 12
8007 12
8060 12
8106 12
8137 12
8143 12
8145 12
8151 12
8154 12
8158 12
8159 12
8178 12
8179 12
8190 12
8198 12
8204 12
8218 12
8231 12
8246 12
8261 12
8262 12
8275 12
8279 12
8296 12
8307 12
8326 12
8333 12
8345 12
8385 12
8410 12
8441 12
8466 12
8482 12
8491 12
8507 12
8513 12
8516 12
8527 12
8540 12
8552 12
8557 12
8558 12
8600 12
8616 12
8628 12
8632 12
8634 12
8647 12
8656 12
8660 12
8666 12
8676 12
8677 12
8690 12
8694 12
8704 12
8707 12
8717 12
8739 12
8745 12
8749 12
8756 12
8778 12
8782 12
8790 12
8826 12
8832 12
8833 12
8835 12
8839 12
8859 12
8861 12
8862 12
8888 12
8901 12
8907 12
8920 12
8938 12
8951 12
8972 12
9011 12
9020 12
9039 12
9054 12
9076 12
9077 12
9100 12
9112 12
9116 12
9131 12
9151 12
9155 12
9158 12
9160 12
9161 12
9175 12
9187 12
9193 12
9200 12
9206 12
9224 12
9233 12
9279 12
9288 12
9292 12
9293 12
9304 12
9306 12
9314 12
9331 12
9356 12
9363 12
9391 12
9404 12
9405 12
9412 12
9432 12
9445 12
9455 12
9478 12
9519 12
9521 12
9531 12
9543 12
9545 12
9573 12
9594 12
9629 12
9633 12
9666 12
9670 12
9701 12
9743 12
9746 12
9756 12
9771 12
9776 12
9813 12
9832 12
9839 12
9843 12
9844 12
9848 12
9851 12
9857 12
9869 12
9871 12
9875 12
9880 12
9882 12
9892 12
9924 12
9946 12
9951 12
9983 12
9987 12
10019 12
10020 12
10039 12
10041 12
10047 12
10051 12
10063 12
10066 12
10073 12
10082 12
10118 12
10132 12
10133 12
10141 12
10147 12
10156 12
10163 12
10170 12
10173 12
10230 12
10245 12
10280 12
10327 12
10349 12
10377 12
10378 12
10404 12
10418 12
10425 12
10446 12
10449 12
10456 12
10479 12
10507 12
10520 12
10526 12
10566 12
10578 12
10590 12
10601 12
10613 12
10649 12
10650 12
10674 12
10706 12
10726 12
10735 12
10754 12
10809 12
8 11
13 11
18 11
21 11
31 11
52 11
96 11
102 11
113 11
119 11
144 11
153 11
207 11
227 11
255 11
295 11
300 11
331 11
388 11
440 11
446 11
496 11
519 11
549 11
563 11
575 11
624 11
636 11
643 11
687 11
708 11
716 11
736 11
748 11
752 11
801 11
858 11
874 11
906 11
954 11
968 11
975 11
978 11
996 11
1076 11
1078 11
1092 11
1193 11
1211 11
1241 11
1245 11
1285 11
1289 11
1292 11
1325 11
1363 11
1370 11
1380 11
1381 11
1387 11
1388 11
1392 11
1453 11
1463 11
1465 11
1488 11
1495 11
1511 11
1517 11
1540 11
1591 11
1616 11
1642 11
1687 11
1716 11
1722 11
1729 11
1768 11
1770 11
1797 11
1844 11
1855 11
1887 11
1913 11
1920 11
1928 11
1942 11
1945 11
1948 11
1964 11
2001 11
2019 11
2023 11
2025 11
2027 11
2053 11
2063 11
2077 11
2084 11
2088 11
2099 11
2103 11
2118 11
2120 11
2149 11
2183 11
2186 11
2206 11
2210 11
2211 11
2218 11
2272 11
2277 11
2286 11
2290 11
2296 11
2313 11
2368 11
2385 11
2406 11
2407 11
2417 11
2418 11
2431 11
2477 11
2523 11
2526 11
2536 11
2607 11
2613 11
2637 11
2641 11
2646 11
2650 11
2655 11
2677 11
2741 11
2757 11
2779 11
2804 11
2807 11
2816 11
2833 11
2837 11
2913 11
2934 11
2942 11
2966 11
2968 11
2994 11
3011 11
3015 11
3030 11
3056 11
3179 11
3202 11
3302 11
3312 11
3334 11
3346 11
3363 11
3367 11
3385 11
3388 11
3403 11
3433 11
3436 11
3445 11
3457 11
3465 11
3491 11
3497 11
3500 11
3605 11
3612 11
3636 11
3653 11
3667 11
3668 11
3694 11
3702 11
3740 11
3773 11
3775 11
3781 11
3806 11
3820 11
3823 11
3833 11
3863 11
3892 11
3918 11
3920 11
3937 11
3969 11
3988 11
4093 11
4114 11
4126 11
4144 11
4149 11
4156 11
4157 11
4170 11
4197 11
4222 11
4237 11
4275 11
4282 11
4291 11
4338 11
4363 11
4373 11
4385 11
4388 11
4401 11
4406 11
4423 11
4426 11
4439 11
4473 11
4480 11
4484 11
4485 11
4486 11
4489 11
4506 11
4513 11
4521 11
4576 11
4588 11
4626 11
4645 11
4658 11
4670 11
4716 11
4739 11
4754 11
4831 11
4834 11
4852 11
4878 11
4910 11
4923 11
4930 11
4946 11
5003 11
5014 11
5020 11
5057 11
5080 11
5087 11
5092 11
5112 11
5127 11
5148 11
5168 11
5175 11
5187 11
5188 11
5204 11
5222 11
5236 11
5240 11
5242 11
5252 11
5256 11
5276 11
5293 11
5299 11
5314 11
5321 11
5352 11
5353 11
5359 11
5373 11
5423 11
5428 11
5431 11
5437 11
5444 11
5446 11
5497 11
5512 11
5516 11
5593 11
5624 11
5627 11
5629 11
5639 11
5668 11
5683 11
5685 11
5691 11
5698 11
5713 11
5750 11
5762 11
5782 11
5804 11
5805 11
5836 11
5858 11
5865 11
5879 11
5900 11
5954 11
5955 11
5977 11
5978 11
5980 11
5981 11
5998 11
6027 11
6039 11
6043 11
6070 11
6089 11
6132 11
6142 11
6177 11
6197 11
6216 11
6222 11
6227 11
6252 11
6272 11
6276 11
6286 11
6297 11
6341 11
6360 11
6363 11
6406 11
6411 11
6445 11
6449 11
6457 11
6484 11
6486 11
6515 11
6516 11
6535 11
6540 11
6542 11
6575 11
6581 11
6590 11
6616 11
6633 11
6657 11
6693 11
6714 11
6740 11
6750 11
6767 11
6774 11
6778 11
6801 11
6826 11
6830 11
6836 11
6845 11
6850 11
6861 11
6869 11
6875 11
6892 11
6905 11
6909 11
6914 11
6949 11
6982 11
6984 11
7013 11
7017 11
7035 11
7039 11
7045 11
7050 11
7079 11
7083 11
7089 11
7097 11
7099 11
7100 11
7111 11
7113 11
7134 11
7137 11
7148 11
7149 11
7161 11
7172 11
7180 11
7182 11
7192 11
7196 11
7202 11
7203 11
7211 11
7212 11
7228 11
7246 11
7254 11
7264 11
7299 11
7325 11
7342 11
7348 11
7354 11
7365 11
7395 11
7401 11
7408 11
7410 11
7413 11
7452 11
7457 11
7474 11
7489 11
7494 11
7499 11
7502 11
7505 11
7508 11
7553 11
7556 11
7558 11
7585 11
7599 11
7604 11
7637 11
7673 11
7700 11
7722 11
7729 11
7739 11
7741 11
7750 11
7772 11
7775 11
7781 11
7791 11
7794 11
7817 11
7829 11
7850 11
7855 11
7864 11
7866 11
7890 11
7903 11
7909 11
7915 11
7918 11
7922 11
7926 11
7937 11
7949 11
7956 11
7968 11
7974 11
7995 11
8004 11
8013 11
8014 11
8019 11
8020 11
8021 11
8023 11
8030 11
8056 11
8057 11
8061 11
8069 11
8083 11
8085 11
8089 11
8093 11
8125 11
8138 11
8164 11
8166 11
8168 11
8192 11
8197 11
8199 11
8212 11
8230 11
8243 11
8256 11
8258 11
8268 11
8292 11
8299 11
8303 11
8320 11
8327 11
8332 11
8337 11
8349 11
8362 11
8369 11
8392 11
8422 11
8426 11
8443 11
8446 11
8448 11
8456 11
8465 11
8474 11
8492 11
8500 11
8517 11
8530 11
8535 11
8566 11
8567 11
8572 11
8604 11
8617 11
8618 11
8621 11
8644 11
8649 11
8654 11
8657 11
8669 11
8686 11
8693 11
8695 11
8701 11
8705 11
8708 11
8709 11
8718 11
8719 11
8729 11
8730 11
8732 11
8734 11
8742 11
8774 11
8784 11
8802 11
8815 11
8823 11
8829 11
8850 11
8860 11
8863 11
8864 11
8865 11
8866 11
8874 11
8885 11
8896 11
8898 11
8900 11
8905 11
8906 11
8925 11
8927 11
8928 11
8929 11
8944 11
8950 11
8952 11
8953 11
8956 11
8973 11
8987 11
8996 11
9004 11
9012 11
9025 11
9026 11
9035 11
9047 11
9053 11
9055 11
9057 11
9061 11
9062 11
9071 11
9073 11
9080 11
9097 11
9105 11
9108 11
9114 11
9129 11
9130 11
9139 11
9146 11
9149 11
9154 11
9163 11
9164 11
9166 11
9167 11
9181 11
9191 11
9202 11
9209 11
9215 11
9228 11
9235 11
9242 11
9250 11
9259 11
9264 11
9267 11
9280 11
9286 11
9299 11
9311 11
9318 11
9323 11
9329 11
9335 11
9338 11
9341 11
9366 11
9379 11
9380 11
9390 11
9396 11
9400 11
9402 11
9415 11
9417 11
9418 11
9440 11
9444 11
9451 11
9463 11
9468 11
9475 11
9476 11
9486 11
9489 11
9500 11
9511 11
9520 11
9528 11
9541 11
9542 11
9544 11
9562 11
9564 11
9567 11
9571 11
9572 11
9590 11
9599 11
9603 11
9605 11
9608 11
9619 11
9620 11
9622 11
9624 11
9642 11
9646 11
9652 11
9655 11
9659 11
9660 11
9667 11
9674 11
9682 11
9683 11
9684 11
9698 11
9699 11
9700 11
9721 11
9723 11
9724 11
9726 11
9733 11
9734 11
9753 11
9758 11
9768 11
9772 11
9775 11
9783 11
9785 11
9797 11
9798 11
9800 11
9802 11
9803 11
9824 11
9825 11
9828 11
9834 11
9837 11
9841 11
9847 11
9861 11
9864 11
9865 11
9877 11
9881 11
9895 11
9896 11
9901 11
9905 11
9909 11
9910 11
9912 11
9913 11
9922 11
9926 11
9927 11
9931 11
9936 11
9940 11
9943 11
9947 11
9950 11
9952 11
9955 11
9959 11
9964 11
9966 11
9996 11
9998 11
10000 11
10021 11
10025 11
10030 11
10033 11
10038 11
10060 11
10065 11
10068 11
10069 11
10070 11
10075 11
10078 11
10083 11
10085 11
10103 11
10115 11
10116 11
10125 11
10131 11
10135 11
10137 11
10144 11
10145 11
10176 11
10186 11
10189 11
10195 11
10201 11
10203 11
10208 11
10220 11
10223 11
10225 11
10236 11
10244 11
10252 11
10264 11
10269 11
10270 11
10271 11
10273 11
10276 11
10281 11
10292 11
10306 11
10310 11
10312 11
10314 11
10318 11
10321 11
10324 11
10326 11
10330 11
10334 11
10340 11
10344 11
10351 11
10359 11
10365 11
10372 11
10376 11
10379 11
10381 11
10383 11
10385 11
10387 11
10391 11
10392 11
10396 11
10397 11
10403 11
10410 11
10417 11
10429 11
10434 11
10443 11
10445 11
10458 11
10463 11
10465 11
10466 11
10468 11
10471 11
10472 11
10474 11
10480 11
10481 11
10483 11
10487 11
10489 11
10496 11
10498 11
10500 11
10501 11
10503 11
10508 11
10511 11
10517 11
10518 11
10521 11
10532 11
10545 11
10553 11
10554 11
10555 11
10556 11
10559 11
10563 11
10569 11
10574 11
10577 11
10579 11
10593 11
10594 11
10597 11
10598 11
10607 11
10619 11
10623 11
10628 11
10632 11
10635 11
10642 11
10653 11
10654 11
10655 11
10661 11
10662 11
10663 11
10673 11
10677 11
10679 11
10680 11
10681 11
10690 11
10696 11
10700 11
10701 11
10703 11
10704 11
10705 11
10709 11
10710 11
10715 11
10717 11
10721 11
10724 11
10730 11
10733 11
10736 11
10739 11
10745 11
10748 11
10752 11
10753 11
10756 11
10757 11
10760 11
10761 11
10766 11
10771 11
10773 11
10776 11
10780 11
10787 11
10788 11
10790 11
10797 11
10798 11
10812 11
10815 11
10816 11
10820 11
10827 11
10830 11
10837 11
10841 11
10842 11
10844 11
10846 11
10848 11
10855 11
10857 11
10858 11
10860 11
35 10
62 10
79 10
117 10
140 10
158 10
182 10
186 10
199 10
218 10
245 10
247 10
253 10
301 10
323 10
379 10
402 10
436 10
517 10
536 10
583 10
586 10
600 10
686 10
704 10
728 10
729 10
776 10
815 10
831 10
965 10
1005 10
1037 10
1045 10
1049 10
1183 10
1195 10
1230 10
1232 10
1280 10
1422 10
1469 10
1480 10
1532 10
1634 10
1741 10
1751 10
1771 10
1806 10
1820 10
1834 10
1860 10
1886 10
1923 10
1936 10
1978 10
1985 10
1988 10
2074 10
2075 10
2080 10
2087 10
2215 10
2226 10
2230 10
2301 10
2341 10
2379 10
2687 10
2701 10
2864 10
2936 10
2965 10
2970 10
2991 10
2992 10
3013 10
3043 10
3069 10
3095 10
3120 10
3121 10
3161 10
3166 10
3183 10
3277 10
3317 10
3322 10
3366 10
3374 10
3398 10
3410 10
3428 10
3438 10
3446 10
3486 10
3496 10
3520 10
3525 10
3659 10
3811 10
3851 10
4141 10
4169 10
4185 10
4247 10
4269 10
4380 10
4438 10
4478 10
4627 10
4685 10
4735 10
4753 10
4865 10
4942 10
5010 10
5049 10
5058 10
5091 10
5116 10
5122 10
5274 10
5301 10
5346 10
5429 10
5459 10
5482 10
5549 10
5564 10
5586 10
5626 10
5854 10
6131 10
6171 10
6324 10
6352 10
6378 10
6412 10
6443 10
6508 10
6568 10
6579 10
6648 10
6690 10
6715 10
6758 10
6852 10
6854 10
6863 10
6934 10
7044 10
7068 10
7085 10
7124 10
7186 10
7259 10
7283 10
7388 10
7589 10
7592 10
7667 10
7672 10
7678 10
7681 10
7698 10
7732 10
7804 10
7942 10
7989 10
8031 10
8064 10
8153 10
8155 10
8167 10
8185 10
8224 10
8257 10
8264 10
8272 10
8351 10
8363 10
8382 10
8388 10
8574 10
8611 10
8762 10
8813 10
8821 10
8837 10
8856 10
8879 10
8880 10
8908 10
8916 10
8948 10
8959 10
8994 10
9022 10
9052 10
9101 10
9150 10
9168 10
9212 10
9262 10
9344 10
9348 10
9350 10
9364 10
9367 10
9425 10
9442 10
9534 10
9548 10
9586 10
9589 10
9661 10
9692 10
9709 10
9845 10
9856 10
9891 10
9898 10
10005 10
10007 10
10008 10
10110 10
10165 10
10174 10
10178 10
10199 10
10234 10
10272 10
10295 10
10303 10
10345 10
10368 10
10426 10
10437 10
10453 10
10454 10
10460 10
10484 10
10514 10
10530 10
10538 10
10539 10
10546 10
10561 10
10580 10
10587 10
10606 10
10618 10
10627 10
10639 10
10714 10
10723 10
10742 10
10746 10
10774 10
10805 10
10835 10
10843 10
10874 10
2 9
16 9
48 9
67 9
74 9
98 9
114 9
159 9
221 9
243 9
369 9
456 9
459 9
469 9
470 9
478 9
491 9
494 9
504 9
520 9
544 9
548 9
551 9
602 9
606 9
613 9
626 9
679 9
680 9
710 9
734 9
797 9
854 9
880 9
921 9
933 9
1006 9
1016 9
1020 9
1041 9
1060 9
1067 9
1071 9
1075 9
1077 9
1089 9
1090 9
1093 9
1094 9
1123 9
1160 9
1272 9
1283 9
1304 9
1320 9
1338 9
1417 9
1471 9
1475 9
1530 9
1583 9
1593 9
1606 9
1666 9
1701 9
1756 9
1769 9
1777 9
1802 9
1817 9
1836 9
1907 9
1918 9
1960 9
2064 9
2089 9
2090 9
2177 9
2198 9
2223 9
2245 9
2495 9
2640 9
2670 9
2704 9
2705 9
2730 9
2896 9
2964 9
3083 9
3091 9
3110 9
3119 9
3140 9
3187 9
3224 9
3268 9
3280 9
3307 9
3335 9
3439 9
3451 9
3462 9
3510 9
3539 9
3561 9
3652 9
3670 9
3711 9
3738 9
3764 9
3965 9
3991 9
4003 9
4052 9
4132 9
4143 9
4187 9
4193 9
4220 9
4246 9
4293 9
4295 9
4343 9
4368 9
4469 9
4740 9
4746 9
4755 9
4843 9
4970 9
4972 9
4976 9
5008 9
5154 9
5198 9
5248 9
5358 9
5366 9
5387 9
5389 9
5405 9
5621 9
5672 9
5678 9
5745 9
5799 9
6125 9
6235 9
6620 9
6813 9
6887 9
6935 9
7133 9
7238 9
7863 9
7878 9
7951 9
8053 9
8405 9
8481 9
8581 9
9207 9
9352 9
9718 9
10139 9
10238 9
10361 9
10369 9
10562 9
10796 9
6 8
69 8
122 8
177 8
183 8
224 8
231 8
293 8
332 8
350 8
367 8
392 8
431 8
444 8
455 8
500 8
521 8
528 8
537 8
571 8
572 8
585 8
608 8
665 8
672 8
701 8
731 8
760 8
803 8
804 8
852 8
863 8
885 8
976 8
1069 8
1114 8
1137 8
1152 8
1167 8
1190 8
1196 8
1207 8
1210 8
1233 8
1279 8
1336 8
1341 8
1412 8
1429 8
1435 8
1441 8
1474 8
1548 8
1571 8
1600 8
1603 8
1636 8
1673 8
1700 8
1730 8
1818 8
1830 8
1973 8
2010 8
2037 8
2068 8
2086 8
2133 8
2140 8
2152 8
2170 8
2217 8
2250 8
2251 8
2260 8
2300 8
2317 8
2353 8
2398 8
2456 8
2553 8
2557 8
2569 8
2599 8
2617 8
2625 8
2647 8
2718 8
2778 8
2832 8
2940 8
2958 8
2961 8
2967 8
2997 8
3038 8
3063 8
3141 8
3180 8
3241 8
3255 8
3275 8
3298 8
3339 8
3353 8
3361 8
3454 8
3456 8
3498 8
3570 8
3585 8
3589 8
3648 8
3663 8
3673 8
3674 8
3681 8
3722 8
3787 8
3805 8
3864 8
3888 8
3931 8
4028 8
4089 8
4104 8
4131 8
4195 8
4203 8
4238 8
4251 8
4379 8
4383 8
4384 8
4574 8
4579 8
4612 8
4623 8
4624 8
4652 8
4659 8
4696 8
4703 8
4715 8
4763 8
4846 8
4975 8
4983 8
5000 8
5021 8
5047 8
5234 8
5286 8
5306 8
5338 8
5487 8
5498 8
5548 8
5649 8
5746 8
5880 8
5945 8
5949 8
6020 8
6047 8
6301 8
6353 8
6401 8
6584 8
6638 8
6720 8
6779 8
6929 8
6969 8
7101 8
7122 8
7217 8
7250 8
7282 8
7381 8
7463 8
7887 8
7963 8
7980 8
8035 8
8068 8
8260 8
8526 8
8546 8
8787 8
8804 8
8981 8
9387 8
9510 8
9786 8
9874 8
10026 8
10057 8
10072 8
10074 8
10294 8
10557 8
10749 8
5 7
45 7
57 7
85 7
86 7
164 7
202 7
204 7
225 7
230 7
233 7
249 7
302 7
320 7
322 7
393 7
422 7
432 7
442 7
485 7
499 7
502 7
503 7
511 7
540 7
546 7
598 7
616 7
652 7
653 7
658 7
663 7
670 7
700 7
724 7
738 7
746 7
757 7
787 7
793 7
883 7
903 7
913 7
948 7
1001 7
1004 7
1087 7
1108 7
1134 7
1142 7
1146 7
1216 7
1247 7
1288 7
1309 7
1342 7
1406 7
1411 7
1432 7
1563 7
1580 7
1648 7
1654 7
1659 7
1692 7
1708 7
1724 7
1778 7
1788 7
1789 7
1793 7
1813 7
1879 7
1892 7
1899 7
1902 7
1911 7
1915 7
1969 7
1989 7
1996 7
2029 7
2048 7
2058 7
2115 7
2123 7
2176 7
2190 7
2213 7
2259 7
2274 7
2275 7
2289 7
2310 7
2348 7
2350 7
2378 7
2384 7
2394 7
2404 7
2439 7
2457 7
2462 7
2482 7
2502 7
2550 7
2551 7
2568 7
2608 7
2612 7
2632 7
2635 7
2636 7
2665 7
2694 7
2700 7
2765 7
2782 7
2805 7
2820 7
2824 7
2881 7
2907 7
2926 7
2945 7
2946 7
2955 7
2959 7
2962 7
2984 7
3005 7
3010 7
3018 7
3029 7
3032 7
3048 7
3082 7
3100 7
3113 7
3114 7
3206 7
3294 7
3323 7
3324 7
3352 7
3354 7
3423 7
3461 7
3514 7
3547 7
3588 7
3597 7
3654 7
3706 7
3723 7
3745 7
3794 7
3809 7
3829 7
3835 7
3879 7
3898 7
3907 7
3940 7
3946 7
3978 7
4098 7
4151 7
4163 7
4206 7
4218 7
4285 7
4334 7
4335 7
4358 7
4389 7
4441 7
4468 7
4477 7
4590 7
4591 7
4619 7
4698 7
4764 7
4772 7
4863 7
4929 7
4953 7
4954 7
4973 7
4993 7
5001 7
5011 7
5033 7
5136 7
5262 7
5303 7
5322 7
5327 7
5360 7
5380 7
5391 7
5550 7
5566 7
5608 7
5658 7
5681 7
5710 7
5735 7
5759 7
5840 7
5927 7
5997 7
6006 7
6007 7
6024 7
6036 7
6118 7
6140 7
6199 7
6215 7
6217 7
6243 7
6316 7
6367 7
6416 7
6439 7
6487 7
6500 7
6580 7
6600 7
6646 7
6663 7
6851 7
6873 7
6918 7
6933 7
6942 7
7032 7
7075 7
7160 7
7167 7
7185 7
7331 7
7419 7
7444 7
7488 7
7493 7
7612 7
7693 7
7783 7
7908 7
7943 7
7953 7
8018 7
8148 7
8157 7
8162 7
8214 7
8215 7
8361 7
8373 7
8573 7
8577 7
8589 7
8786 7
8911 7
8914 7
9006 7
9090 7
9095 7
9189 7
9456 7
9459 7
9565 7
10249 7
10416 7
10711 7
10719 7
10839 7
22 6
34 6
53 6
61 6
78 6
138 6
155 6
193 6
209 6
216 6
222 6
250 6
276 6
303 6
307 6
365 6
371 6
394 6
395 6
403 6
479 6
578 6
627 6
634 6
646 6
659 6
711 6
718 6
732 6
764 6
784 6
810 6
868 6
875 6
887 6
894 6
895 6
907 6
910 6
919 6
929 6
939 6
947 6
949 6
960 6
964 6
981 6
1036 6
1047 6
1074 6
1084 6
1103 6
1115 6
1144 6
1161 6
1179 6
1182 6
1191 6
1226 6
1239 6
1249 6
1254 6
1261 6
1262 6
1267 6
1268 6
1313 6
1316 6
1416 6
1419 6
1423 6
1426 6
1460 6
1467 6
1509 6
1542 6
1558 6
1575 6
1582 6
1638 6
1640 6
1678 6
1728 6
1731 6
1743 6
1759 6
1790 6
1816 6
1852 6
1862 6
1871 6
1930 6
1935 6
1941 6
1975 6
1981 6
1983 6
1998 6
2035 6
2060 6
2092 6
2132 6
2141 6
2153 6
2175 6
2193 6
2240 6
2241 6
2297 6
2298 6
2311 6
2318 6
2332 6
2338 6
2362 6
2420 6
2451 6
2454 6
2468 6
2478 6
2499 6
2511 6
2542 6
2554 6
2556 6
2561 6
2589 6
2630 6
2644 6
2699 6
2706 6
2732 6
2753 6
2764 6
2767 6
2776 6
2803 6
2848 6
2900 6
2903 6
2957 6
2981 6
2983 6
3019 6
3062 6
3067 6
3068 6
3118 6
3145 6
3157 6
3169 6
3213 6
3237 6
3246 6
3249 6
3287 6
3290 6
3304 6
3313 6
3327 6
3392 6
3408 6
3412 6
3419 6
3478 6
3482 6
3515 6
3540 6
3550 6
3571 6
3595 6
3598 6
3601 6
3613 6
3649 6
3656 6
3672 6
3735 6
3812 6
3821 6
3862 6
3911 6
3932 6
4017 6
4026 6
4032 6
4059 6
4087 6
4088 6
4113 6
4115 6
4160 6
4181 6
4217 6
4219 6
4256 6
4264 6
4281 6
4330 6
4550 6
4556 6
4596 6
4613 6
4621 6
4634 6
4654 6
4665 6
4706 6
4750 6
4775 6
4784 6
4790 6
4792 6
4825 6
4916 6
4958 6
4966 6
4998 6
5016 6
5028 6
5040 6
5073 6
5118 6
5169 6
5199 6
5217 6
5260 6
5264 6
5267 6
5319 6
5343 6
5388 6
5427 6
5440 6
5521 6
5543 6
5572 6
5581 6
5590 6
5600 6
5614 6
5659 6
5675 6
5699 6
5718 6
5719 6
5787 6
5857 6
5904 6
5961 6
5972 6
5983 6
5984 6
6038 6
6094 6
6095 6
6158 6
6163 6
6261 6
6310 6
6311 6
6345 6
6369 6
6370 6
6380 6
6409 6
6417 6
6468 6
6472 6
6482 6
6525 6
6565 6
6683 6
6711 6
6735 6
6746 6
6757 6
6769 6
6781 6
6791 6
6804 6
6829 6
6833 6
6880 6
6882 6
6983 6
6994 6
7011 6
7041 6
7058 6
7156 6
7157 6
7188 6
7197 6
7266 6
7340 6
7347 6
7366 6
7398 6
7409 6
7422 6
7423 6
7432 6
7476 6
7521 6
7543 6
7573 6
7676 6
7779 6
7784 6
7814 6
7819 6
7821 6
7827 6
8015 6
8126 6
8135 6
8201 6
8310 6
8588 6
8679 6
8713 6
8720 6
8752 6
8976 6
9102 6
9124 6
9128 6
9268 6
9287 6
9382 6
9424 6
9554 6
9569 6
9583 6
9602 6
9705 6
9833 6
9866 6
10036 6
10079 6
10140 6
10150 6
10268 6
10298 6
10315 6
10431 6
10440 6
10533 6
10536 6
10657 6
10785 6
10829 6
10845 6
10864 6
7 5
27 5
40 5
41 5
103 5
105 5
108 5
126 5
143 5
145 5
169 5
172 5
203 5
226 5
228 5
246 5
257 5
258 5
310 5
313 5
333 5
351 5
373 5
376 5
391 5
396 5
400 5
401 5
416 5
451 5
477 5
488 5
543 5
554 5
587 5
588 5
594 5
623 5
625 5
635 5
641 5
733 5
741 5
777 5
782 5
809 5
869 5
905 5
908 5
926 5
940 5
953 5
998 5
1022 5
1027 5
1051 5
1085 5
1125 5
1126 5
1136 5
1156 5
1178 5
1222 5
1225 5
1251 5
1264 5
1266 5
1275 5
1321 5
1344 5
1345 5
1362 5
1389 5
1399 5
1405 5
1439 5
1449 5
1468 5
1470 5
1473 5
1477 5
1486 5
1514 5
1515 5
1520 5
1560 5
1609 5
1612 5
1623 5
1627 5
1631 5
1667 5
1680 5
1689 5
1704 5
1723 5
1725 5
1738 5
1780 5
1800 5
1832 5
1870 5
1914 5
1982 5
2061 5
2069 5
2097 5
2125 5
2142 5
2156 5
2160 5
2248 5
2258 5
2279 5
2321 5
2344 5
2347 5
2391 5
2411 5
2432 5
2453 5
2471 5
2491 5
2493 5
2512 5
2514 5
2522 5
2585 5
2588 5
2592 5
2594 5
2656 5
2722 5
2725 5
2729 5
2745 5
2771 5
2798 5
2844 5
2849 5
2857 5
2858 5
2890 5
2892 5
2937 5
2938 5
2949 5
2954 5
2985 5
3007 5
3016 5
3037 5
3045 5
3071 5
3086 5
3103 5
3117 5
3123 5
3151 5
3185 5
3218 5
3239 5
3258 5
3270 5
3276 5
3320 5
3341 5
3348 5
3381 5
3407 5
3429 5
3474 5
3483 5
3492 5
3507 5
3523 5
3544 5
3580 5
3584 5
3658 5
3662 5
3682 5
3685 5
3732 5
3737 5
3753 5
3754 5
3755 5
3774 5
3776 5
3790 5
3791 5
3797 5
3808 5
3914 5
3945 5
3961 5
3984 5
4027 5
4042 5
4047 5
4062 5
4096 5
4162 5
4171 5
4180 5
4183 5
4204 5
4208 5
4209 5
4225 5
4240 5
4250 5
4255 5
4257 5
4262 5
4263 5
4305 5
4327 5
4333 5
4340 5
4341 5
4409 5
4432 5
4461 5
4529 5
4537 5
4572 5
4577 5
4595 5
4602 5
4629 5
4630 5
4649 5
4674 5
4680 5
4736 5
4758 5
4802 5
4821 5
4965 5
4985 5
4997 5
5018 5
5121 5
5131 5
5137 5
5165 5
5195 5
5214 5
5271 5
5283 5
5289 5
5309 5
5325 5
5357 5
5362 5
5369 5
5390 5
5409 5
5412 5
5504 5
5524 5
5533 5
5542 5
5557 5
5560 5
5561 5
5584 5
5592 5
5645 5
5687 5
5727 5
5809 5
5818 5
5830 5
5831 5
5841 5
5874 5
5913 5
5958 5
5967 5
6002 5
6011 5
6022 5
6029 5
6032 5
6096 5
6107 5
6148 5
6160 5
6203 5
6214 5
6245 5
6260 5
6263 5
6302 5
6348 5
6358 5
6364 5
6371 5
6390 5
6402 5
6420 5
6434 5
6461 5
6462 5
6466 5
6477 5
6504 5
6531 5
6556 5
6557 5
6573 5
6583 5
6627 5
6640 5
6670 5
6689 5
6703 5
6727 5
6786 5
6808 5
6864 5
6878 5
6881 5
6904 5
6916 5
6932 5
6939 5
7012 5
7034 5
7086 5
7096 5
7136 5
7219 5
7239 5
7243 5
7257 5
7267 5
7333 5
7345 5
7370 5
7397 5
7526 5
7536 5
7570 5
7591 5
7607 5
7635 5
7697 5
7708 5
7710 5
7788 5
7801 5
7806 5
7822 5
7840 5
7860 5
7882 5
7889 5
7910 5
7960 5
7971 5
7994 5
8040 5
8086 5
8092 5
8107 5
8277 5
8301 5
8304 5
8309 5
8313 5
8318 5
8334 5
8350 5
8366 5
8425 5
8470 5
8563 5
8623 5
8672 5
8726 5
8797 5
8816 5
8849 5
8876 5
8922 5
8963 5
8965 5
8992 5
9087 5
9093 5
9109 5
9147 5
9247 5
9252 5
9357 5
9395 5
9403 5
9474 5
9536 5
9687 5
9744 5
9780 5
9902 5
10059 5
10119 5
10172 5
10336 5
10441 5
10599 5
15 4
36 4
37 4
42 4
55 4
100 4
142 4
152 4
191 4
208 4
211 4
232 4
291 4
299 4
306 4
337 4
339 4
359 4
361 4
364 4
372 4
384 4
389 4
461 4
482 4
501 4
508 4
518 4
532 4
539 4
589 4
622 4
676 4
739 4
745 4
749 4
807 4
814 4
878 4
879 4
888 4
898 4
909 4
957 4
969 4
979 4
980 4
1009 4
1012 4
1034 4
1063 4
1083 4
1100 4
1148 4
1150 4
1205 4
1212 4
1221 4
1227 4
1257 4
1276 4
1296 4
1303 4
1376 4
1385 4
1404 4
1418 4
1424 4
1452 4
1462 4
1476 4
1481 4
1485 4
1496 4
1521 4
1541 4
1544 4
1564 4
1570 4
1599 4
1610 4
1628 4
1629 4
1676 4
1690 4
1694 4
1705 4
1710 4
1796 4
1798 4
1801 4
1833 4
1853 4
1857 4
1861 4
1888 4
1891 4
1896 4
1897 4
1912 4
1917 4
1947 4
1954 4
1961 4
1966 4
1976 4
2016 4
2031 4
2042 4
2051 4
2070 4
2076 4
2108 4
2173 4
2202 4
2208 4
2237 4
2270 4
2299 4
2304 4
2308 4
2333 4
2339 4
2355 4
2374 4
2386 4
2429 4
2473 4
2479 4
2521 4
2539 4
2545 4
2547 4
2555 4
2567 4
2571 4
2578 4
2581 4
2590 4
2621 4
2623 4
2629 4
2649 4
2686 4
2728 4
2743 4
2750 4
2772 4
2777 4
2794 4
2808 4
2826 4
2845 4
2889 4
2924 4
2925 4
2941 4
2969 4
2973 4
2998 4
3012 4
3024 4
3027 4
3033 4
3072 4
3085 4
3096 4
3099 4
3111 4
3116 4
3148 4
3165 4
3175 4
3284 4
3295 4
3306 4
3308 4
3314 4
3316 4
3350 4
3364 4
3389 4
3390 4
3394 4
3404 4
3420 4
3440 4
3459 4
3522 4
3527 4
3549 4
3557 4
3610 4
3619 4
3640 4
3660 4
3664 4
3669 4
3683 4
3707 4
3715 4
3739 4
3758 4
3803 4
3813 4
3842 4
3843 4
3845 4
3847 4
3865 4
3877 4
3893 4
3904 4
3921 4
3928 4
3950 4
3954 4
3955 4
3971 4
3992 4
3998 4
4015 4
4031 4
4045 4
4053 4
4055 4
4058 4
4080 4
4084 4
4105 4
4116 4
4117 4
4158 4
4161 4
4174 4
4176 4
4182 4
4186 4
4188 4
4230 4
4241 4
4271 4
4297 4
4307 4
4311 4
4321 4
4359 4
4361 4
4365 4
4370 4
4397 4
4418 4
4419 4
4427 4
4429 4
4434 4
4435 4
4481 4
4497 4
4507 4
4511 4
4519 4
4544 4
4566 4
4601 4
4605 4
4637 4
4672 4
4683 4
4732 4
4737 4
4743 4
4749 4
4757 4
4761 4
4788 4
4803 4
4818 4
4824 4
4844 4
4853 4
4905 4
4907 4
4918 4
4919 4
4950 4
4952 4
4967 4
4989 4
4999 4
5002 4
5009 4
5019 4
5031 4
5036 4
5044 4
5050 4
5051 4
5052 4
5083 4
5113 4
5146 4
5160 4
5164 4
5179 4
5200 4
5212 4
5213 4
5218 4
5229 4
5259 4
5261 4
5279 4
5336 4
5337 4
5345 4
5363 4
5367 4
5384 4
5396 4
5401 4
5433 4
5439 4
5441 4
5458 4
5476 4
5477 4
5491 4
5511 4
5518 4
5529 4
5530 4
5547 4
5575 4
5606 4
5607 4
5610 4
5620 4
5640 4
5643 4
5664 4
5692 4
5707 4
5721 4
5724 4
5725 4
5726 4
5740 4
5757 4
5766 4
5784 4
5819 4
5878 4
5890 4
5950 4
5964 4
5985 4
5995 4
5996 4
6016 4
6018 4
6026 4
6031 4
6034 4
6048 4
6050 4
6061 4
6066 4
6081 4
6093 4
6100 4
6106 4
6121 4
6127 4
6138 4
6149 4
6167 4
6172 4
6186 4
6196 4
6210 4
6223 4
6254 4
6269 4
6275 4
6292 4
6308 4
6315 4
6322 4
6328 4
6334 4
6339 4
6372 4
6375 4
6391 4
6408 4
6423 4
6441 4
6464 4
6470 4
6569 4
6613 4
6614 4
6666 4
6669 4
6671 4
6675 4
6700 4
6705 4
6719 4
6726 4
6747 4
6749 4
6753 4
6755 4
6762 4
6773 4
6789 4
6790 4
6793 4
6803 4
6848 4
6899 4
6970 4
6985 4
7016 4
7037 4
7107 4
7135 4
7138 4
7146 4
7170 4
7194 4
7275 4
7277 4
7287 4
7327 4
7328 4
7373 4
7376 4
7383 4
7399 4
7426 4
7446 4
7486 4
7487 4
7490 4
7506 4
7537 4
7545 4
7626 4
7647 4
7648 4
7677 4
7728 4
7734 4
7748 4
7807 4
7832 4
7833 4
7851 4
7854 4
7872 4
7917 4
7936 4
7939 4
7948 4
7954 4
7957 4
7965 4
7972 4
7983 4
8005 4
8027 4
8063 4
8160 4
8161 4
8183 4
8207 4
8217 4
8222 4
8278 4
8282 4
8291 4
8314 4
8354 4
8365 4
8372 4
8409 4
8434 4
8435 4
8467 4
8495 4
8551 4
8553 4
8596 4
8605 4
8633 4
8684 4
8692 4
8710 4
8724 4
8738 4
8758 4
8763 4
8793 4
8805 4
8810 4
8812 4
8819 4
8845 4
8873 4
8934 4
8939 4
8942 4
8947 4
8966 4
8968 4
8974 4
8980 4
8998 4
9068 4
9086 4
9138 4
9169 4
9171 4
9180 4
9198 4
9226 4
9265 4
9301 4
9324 4
9368 4
9377 4
9410 4
9480 4
9539 4
9570 4
9653 4
9665 4
9668 4
9671 4
9673 4
9675 4
9717 4
9738 4
9740 4
9745 4
9781 4
9826 4
9859 4
9923 4
9938 4
9954 4
9970 4
10029 4
10090 4
10143 4
10288 4
10371 4
10398 4
10435 4
10473 4
10519 4
29 3
50 3
51 3
63 3
70 3
72 3
160 3
173 3
196 3
214 3
219 3
279 3
284 3
298 3
309 3
324 3
338 3
380 3
383 3
415 3
420 3
435 3
450 3
513 3
523 3
599 3
612 3
618 3
619 3
629 3
689 3
707 3
712 3
725 3
755 3
771 3
779 3
785 3
800 3
802 3
808 3
828 3
836 3
843 3
848 3
861 3
872 3
876 3
884 3
914 3
917 3
942 3
1013 3
1029 3
1033 3
1046 3
1095 3
1099 3
1106 3
1119 3
1132 3
1133 3
1138 3
1200 3
1238 3
1265 3
1286 3
1297 3
1326 3
1335 3
1337 3
1397 3
1403 3
1427 3
1442 3
1492 3
1508 3
1566 3
1578 3
1620 3
1637 3
1641 3
1644 3
1681 3
1709 3
1733 3
1736 3
1748 3
1767 3
1815 3
1822 3
1825 3
1828 3
1831 3
1843 3
1848 3
1866 3
1898 3
1916 3
1952 3
1994 3
1995 3
2013 3
2014 3
2015 3
2033 3
2072 3
2081 3
2093 3
2100 3
2155 3
2163 3
2168 3
2174 3
2180 3
2194 3
2200 3
2201 3
2216 3
2224 3
2233 3
2235 3
2242 3
2252 3
2255 3
2256 3
2267 3
2269 3
2271 3
2312 3
2328 3
2371 3
2372 3
2375 3
2376 3
2399 3
2402 3
2422 3
2427 3
2428 3
2449 3
2474 3
2476 3
2498 3
2507 3
2508 3
2509 3
2525 3
2566 3
2573 3
2586 3
2601 3
2606 3
2627 3
2654 3
2664 3
2666 3
2667 3
2679 3
2689 3
2696 3
2698 3
2713 3
2760 3
2784 3
2786 3
2818 3
2822 3
2825 3
2829 3
2831 3
2841 3
2842 3
2852 3
2874 3
2905 3
2923 3
2932 3
2939 3
2956 3
2990 3
3014 3
3036 3
3041 3
3044 3
3057 3
3073 3
3074 3
3077 3
3080 3
3090 3
3097 3
3098 3
3102 3
3112 3
3147 3
3160 3
3162 3
3168 3
3171 3
3176 3
3250 3
3252 3
3260 3
3261 3
3269 3
3272 3
3296 3
3328 3
3329 3
3340 3
3349 3
3359 3
3371 3
3372 3
3405 3
3409 3
3414 3
3424 3
3425 3
3435 3
3442 3
3450 3
3466 3
3511 3
3518 3
3545 3
3573 3
3577 3
3586 3
3593 3
3623 3
3628 3
3631 3
3655 3
3686 3
3696 3
3701 3
3708 3
3719 3
3731 3
3741 3
3744 3
3746 3
3756 3
3760 3
3783 3
3785 3
3786 3
3789 3
3804 3
3828 3
3836 3
3848 3
3894 3
3906 3
3942 3
3963 3
3972 3
3975 3
3980 3
3990 3
3994 3
4008 3
4012 3
4040 3
4044 3
4056 3
4083 3
4090 3
4103 3
4109 3
4112 3
4123 3
4135 3
4145 3
4154 3
4172 3
4179 3
4213 3
4216 3
4227 3
4233 3
4235 3
4242 3
4259 3
4260 3
4272 3
4280 3
4287 3
4292 3
4304 3
4306 3
4308 3
4310 3
4325 3
4337 3
4345 3
4348 3
4350 3
4357 3
4371 3
4376 3
4377 3
4390 3
4396 3
4405 3
4414 3
4433 3
4436 3
4483 3
4502 3
4509 3
4515 3
4520 3
4542 3
4548 3
4549 3
4551 3
4553 3
4557 3
4562 3
4603 3
4608 3
4644 3
4650 3
4662 3
4676 3
4678 3
4686 3
4701 3
4714 3
4760 3
4767 3
4774 3
4783 3
4787 3
4793 3
4814 3
4823 3
4832 3
4835 3
4858 3
4872 3
4886 3
4888 3
4900 3
4912 3
4917 3
4926 3
4932 3
4948 3
4962 3
4971 3
4982 3
4986 3
5007 3
5013 3
5030 3
5068 3
5070 3
5071 3
5078 3
5084 3
5095 3
5110 3
5125 3
5134 3
5140 3
5151 3
5153 3
5157 3
5193 3
5194 3
5203 3
5221 3
5237 3
5257 3
5266 3
5287 3
5308 3
5326 3
5331 3
5333 3
5339 3
5351 3
5371 3
5377 3
5383 3
5397 3
5407 3
5434 3
5435 3
5445 3
5452 3
5461 3
5479 3
5501 3
5506 3
5526 3
5531 3
5536 3
5562 3
5565 3
5574 3
5579 3
5587 3
5604 3
5628 3
5657 3
5660 3
5674 3
5703 3
5706 3
5709 3
5714 3
5715 3
5717 3
5739 3
5743 3
5781 3
5793 3
5815 3
5817 3
5849 3
5852 3
5872 3
5876 3
5877 3
5882 3
5883 3
5891 3
5893 3
5898 3
5907 3
5918 3
5921 3
5936 3
5951 3
5953 3
6000 3
6019 3
6033 3
6049 3
6052 3
6065 3
6073 3
6076 3
6078 3
6079 3
6080 3
6111 3
6116 3
6129 3
6135 3
6174 3
6185 3
6209 3
6220 3
6239 3
6247 3
6258 3
6277 3
6278 3
6281 3
6314 3
6325 3
6330 3
6346 3
6350 3
6357 3
6384 3
6385 3
6387 3
6393 3
6398 3
6403 3
6407 3
6419 3
6431 3
6447 3
6448 3
6455 3
6456 3
6480 3
6491 3
6496 3
6510 3
6511 3
6524 3
6538 3
6541 3
6545 3
6551 3
6555 3
6572 3
6576 3
6587 3
6618 3
6628 3
6630 3
6650 3
6654 3
6678 3
6682 3
6718 3
6725 3
6744 3
6770 3
6775 3
6811 3
6857 3
6866 3
6874 3
6897 3
6900 3
6910 3
6917 3
6924 3
6931 3
6944 3
6946 3
6971 3
6978 3
6979 3
6989 3
6991 3
7003 3
7004 3
7030 3
7031 3
7055 3
7056 3
7060 3
7061 3
7103 3
7108 3
7152 3
7159 3
7169 3
7177 3
7193 3
7224 3
7245 3
7262 3
7269 3
7278 3
7280 3
7320 3
7329 3
7330 3
7334 3
7341 3
7353 3
7379 3
7384 3
7386 3
7387 3
7394 3
7464 3
7468 3
7479 3
7509 3
7511 3
7517 3
7520 3
7534 3
7535 3
7538 3
7547 3
7560 3
7563 3
7569 3
7581 3
7584 3
7609 3
7618 3
7621 3
7631 3
7644 3
7666 3
7671 3
7674 3
7709 3
7736 3
7737 3
7745 3
7751 3
7753 3
7754 3
7776 3
7787 3
7809 3
7834 3
7842 3
7847 3
7875 3
7905 3
7921 3
7924 3
7997 3
7998 3
8000 3
8001 3
8009 3
8010 3
8011 3
8012 3
8037 3
8043 3
8055 3
8059 3
8087 3
8100 3
8109 3
8122 3
8140 3
8142 3
8170 3
8184 3
8191 3
8203 3
8210 3
8227 3
8250 3
8253 3
8259 3
8263 3
8280 3
8325 3
8340 3
8357 3
8359 3
8360 3
8383 3
8386 3
8387 3
8406 3
8408 3
8414 3
8417 3
8420 3
8423 3
8424 3
8427 3
8428 3
8444 3
8519 3
8521 3
8525 3
8532 3
8562 3
8569 3
8571 3
8576 3
8579 3
8594 3
8612 3
8631 3
8655 3
8662 3
8667 3
8668 3
8687 3
8714 3
8715 3
8737 3
8748 3
8765 3
8769 3
8775 3
8776 3
8777 3
8779 3
8781 3
8806 3
8827 3
8842 3
8857 3
8870 3
8877 3
8890 3
8909 3
8943 3
8958 3
8983 3
9000 3
9001 3
9007 3
9037 3
9040 3
9060 3
9079 3
9089 3
9091 3
9096 3
9106 3
9118 3
9159 3
9176 3
9177 3
9195 3
9210 3
9217 3
9218 3
9223 3
9229 3
9237 3
9258 3
9266 3
9271 3
9273 3
9296 3
9297 3
9303 3
9316 3
9321 3
9343 3
9351 3
9353 3
9429 3
9450 3
9453 3
9454 3
9457 3
9460 3
9464 3
9472 3
9479 3
9482 3
9495 3
9499 3
9501 3
9505 3
9508 3
9512 3
9514 3
9523 3
9524 3
9561 3
9587 3
9592 3
9601 3
9615 3
9658 3
9669 3
9686 3
9693 3
9704 3
9750 3
9757 3
9759 3
9779 3
9784 3
9799 3
9808 3
9821 3
9836 3
9886 3
9906 3
9935 3
9953 3
9968 3
9969 3
9982 3
9994 3
9999 3
10080 3
10105 3
10120 3
10122 3
10126 3
10148 3
10160 3
10179 3
10188 3
10202 3
10207 3
10226 3
10239 3
10243 3
10251 3
10257 3
10290 3
10305 3
10325 3
10328 3
10337 3
10346 3
10363 3
10373 3
10433 3
10450 3
10477 3
10491 3
10497 3
10522 3
10529 3
10543 3
10588 3
10629 3
10770 3
10836 3
10849 3
47 2
59 2
60 2
68 2
95 2
111 2
116 2
139 2
151 2
197 2
215 2
269 2
274 2
278 2
294 2
321 2
334 2
336 2
353 2
362 2
363 2
370 2
377 2
404 2
418 2
419 2
449 2
457 2
460 2
465 2
472 2
492 2
509 2
522 2
530 2
552 2
553 2
557 2
559 2
573 2
579 2
584 2
609 2
645 2
656 2
667 2
681 2
690 2
747 2
773 2
775 2
783 2
799 2
806 2
816 2
873 2
877 2
899 2
936 2
950 2
951 2
959 2
974 2
991 2
994 2
997 2
1000 2
1007 2
1010 2
1032 2
1040 2
1044 2
1059 2
1068 2
1097 2
1104 2
1118 2
1127 2
1129 2
1162 2
1174 2
1187 2
1209 2
1213 2
1215 2
1250 2
1256 2
1260 2
1273 2
1290 2
1302 2
1307 2
1312 2
1350 2
1351 2
1366 2
1402 2
1407 2
1434 2
1445 2
1447 2
1457 2
1466 2
1484 2
1497 2
1507 2
1523 2
1526 2
1531 2
1554 2
1557 2
1569 2
1602 2
1624 2
1662 2
1668 2
1672 2
1679 2
1686 2
1702 2
1703 2
1734 2
1735 2
1737 2
1749 2
1754 2
1783 2
1804 2
1812 2
1821 2
1854 2
1864 2
1894 2
1895 2
1924 2
1944 2
1950 2
1965 2
1972 2
1977 2
1979 2
1980 2
1992 2
1999 2
2009 2
2020 2
2030 2
2041 2
2049 2
2054 2
2055 2
2059 2
2065 2
2101 2
2109 2
2121 2
2122 2
2147 2
2148 2
2150 2
2161 2
2167 2
2171 2
2184 2
2205 2
2214 2
2222 2
2229 2
2249 2
2263 2
2302 2
2335 2
2358 2
2366 2
2392 2
2423 2
2426 2
2434 2
2441 2
2442 2
2445 2
2446 2
2464 2
2470 2
2480 2
2481 2
2500 2
2530 2
2540 2
2558 2
2563 2
2572 2
2577 2
2583 2
2591 2
2614 2
2638 2
2642 2
2643 2
2645 2
2668 2
2669 2
2671 2
2673 2
2678 2
2682 2
2685 2
2697 2
2707 2
2711 2
2712 2
2717 2
2739 2
2740 2
2748 2
2761 2
2762 2
2768 2
2780 2
2783 2
2788 2
2801 2
2802 2
2821 2
2838 2
2846 2
2850 2
2861 2
2872 2
2880 2
2894 2
2911 2
2919 2
2920 2
2921 2
2929 2
2933 2
2947 2
2960 2
2979 2
2982 2
3003 2
3023 2
3025 2
3040 2
3050 2
3051 2
3059 2
3079 2
3089 2
3092 2
3105 2
3129 2
3136 2
3142 2
3149 2
3155 2
3163 2
3177 2
3182 2
3186 2
3189 2
3194 2
3195 2
3201 2
3203 2
3209 2
3211 2
3219 2
3227 2
3231 2
3232 2
3233 2
3235 2
3240 2
3242 2
3243 2
3244 2
3248 2
3262 2
3266 2
3271 2
3288 2
3301 2
3303 2
3310 2
3321 2
3325 2
3326 2
3345 2
3347 2
3362 2
3365 2
3370 2
3415 2
3430 2
3437 2
3448 2
3449 2
3460 2
3467 2
3472 2
3488 2
3489 2
3495 2
3501 2
3508 2
3512 2
3513 2
3516 2
3519 2
3521 2
3528 2
3541 2
3551 2
3559 2
3564 2
3566 2
3579 2
3582 2
3587 2
3594 2
3608 2
3622 2
3633 2
3641 2
3646 2
3657 2
3661 2
3677 2
3688 2
3703 2
3704 2
3718 2
3720 2
3724 2
3728 2
3733 2
3736 2
3759 2
3770 2
3771 2
3779 2
3788 2
3792 2
3796 2
3799 2
3800 2
3814 2
3819 2
3825 2
3830 2
3840 2
3844 2
3849 2
3852 2
3853 2
3854 2
3855 2
3860 2
3869 2
3870 2
3871 2
3873 2
3874 2
3883 2
3884 2
3895 2
3902 2
3915 2
3922 2
3938 2
3948 2
3951 2
3964 2
3967 2
3996 2
4004 2
4010 2
4014 2
4022 2
4041 2
4081 2
4091 2
4092 2
4106 2
4110 2
4119 2
4130 2
4133 2
4165 2
4167 2
4175 2
4198 2
4210 2
4231 2
4236 2
4243 2
4258 2
4283 2
4288 2
4290 2
4296 2
4298 2
4300 2
4301 2
4302 2
4317 2
4319 2
4320 2
4346 2
4347 2
4360 2
4375 2
4387 2
4392 2
4410 2
4413 2
4415 2
4422 2
4428 2
4445 2
4447 2
4460 2
4464 2
4470 2
4476 2
4482 2
4501 2
4510 2
4512 2
4518 2
4523 2
4527 2
4531 2
4532 2
4533 2
4559 2
4561 2
4573 2
4582 2
4599 2
4600 2
4607 2
4615 2
4616 2
4618 2
4636 2
4639 2
4642 2
4646 2
4656 2
4677 2
4684 2
4689 2
4697 2
4702 2
4710 2
4721 2
4722 2
4724 2
4725 2
4733 2
4747 2
4776 2
4789 2
4812 2
4815 2
4836 2
4845 2
4849 2
4856 2
4857 2
4871 2
4873 2
4921 2
4922 2
4927 2
4939 2
4940 2
4943 2
4944 2
4979 2
4994 2
5023 2
5041 2
5045 2
5054 2
5069 2
5090 2
5093 2
5114 2
5115 2
5117 2
5120 2
5124 2
5126 2
5129 2
5158 2
5177 2
5178 2
5182 2
5186 2
5190 2
5210 2
5227 2
5269 2
5273 2
5275 2
5277 2
5290 2
5296 2
5305 2
5311 2
5316 2
5317 2
5318 2
5323 2
5334 2
5344 2
5361 2
5364 2
5365 2
5375 2
5378 2
5379 2
5382 2
5392 2
5399 2
5410 2
5411 2
5417 2
5420 2
5426 2
5430 2
5455 2
5460 2
5463 2
5465 2
5467 2
5470 2
5473 2
5474 2
5483 2
5514 2
5522 2
5523 2
5527 2
5532 2
5537 2
5554 2
5558 2
5563 2
5571 2
5576 2
5585 2
5595 2
5597 2
5601 2
5619 2
5625 2
5632 2
5633 2
5647 2
5648 2
5650 2
5661 2
5665 2
5667 2
5670 2
5671 2
5676 2
5684 2
5708 2
5729 2
5734 2
5738 2
5751 2
5752 2
5756 2
5758 2
5767 2
5773 2
5774 2
5777 2
5780 2
5783 2
5790 2
5792 2
5794 2
5796 2
5797 2
5802 2
5803 2
5812 2
5813 2
5822 2
5825 2
5826 2
5827 2
5835 2
5848 2
5869 2
5892 2
5895 2
5899 2
5902 2
5905 2
5917 2
5924 2
5931 2
5933 2
5944 2
5970 2
5982 2
6010 2
6025 2
6030 2
6035 2
6045 2
6051 2
6056 2
6057 2
6059 2
6062 2
6064 2
6067 2
6072 2
6085 2
6086 2
6115 2
6119 2
6128 2
6170 2
6173 2
6176 2
6179 2
6181 2
6188 2
6189 2
6191 2
6205 2
6213 2
6218 2
6226 2
6232 2
6249 2
6259 2
6264 2
6280 2
6287 2
6290 2
6296 2
6307 2
6312 2
6313 2
6318 2
6331 2
6332 2
6342 2
6359 2
6361 2
6368 2
6399 2
6418 2
6422 2
6429 2
6433 2
6435 2
6465 2
6471 2
6473 2
6488 2
6505 2
6509 2
6517 2
6521 2
6523 2
6527 2
6528 2
6558 2
6563 2
6564 2
6566 2
6570 2
6585 2
6589 2
6591 2
6621 2
6622 2
6623 2
6629 2
6631 2
6632 2
6634 2
6639 2
6652 2
6665 2
6668 2
6673 2
6674 2
6680 2
6702 2
6708 2
6710 2
6712 2
6717 2
6724 2
6728 2
6729 2
6731 2
6732 2
6745 2
6759 2
6766 2
6776 2
6782 2
6792 2
6799 2
6805 2
6806 2
6807 2
6810 2
6817 2
6818 2
6820 2
6824 2
6837 2
6840 2
6860 2
6862 2
6865 2
6867 2
6868 2
6889 2
6896 2
6901 2
6908 2
6911 2
6920 2
6921 2
6925 2
6951 2
6957 2
6958 2
6973 2
6980 2
6981 2
6987 2
6993 2
6995 2
6996 2
6997 2
6999 2
7009 2
7014 2
7022 2
7024 2
7026 2
7043 2
7049 2
7052 2
7053 2
7063 2
7064 2
7065 2
7069 2
7072 2
7076 2
7081 2
7088 2
7090 2
7105 2
7114 2
7116 2
7119 2
7120 2
7125 2
7132 2
7141 2
7144 2
7151 2
7166 2
7168 2
7181 2
7183 2
7184 2
7204 2
7209 2
7210 2
7213 2
7215 2
7233 2
7235 2
7241 2
7248 2
7258 2
7263 2
7265 2
7272 2
7273 2
7276 2
7279 2
7285 2
7286 2
7319 2
7323 2
7339 2
7346 2
7350 2
7356 2
7357 2
7363 2
7367 2
7372 2
7380 2
7389 2
7392 2
7402 2
7404 2
7416 2
7424 2
7427 2
7430 2
7431 2
7436 2
7437 2
7441 2
7442 2
7449 2
7456 2
7462 2
7465 2
7480 2
7482 2
7484 2
7495 2
7503 2
7504 2
7513 2
7516 2
7523 2
7532 2
7544 2
7548 2
7552 2
7555 2
7559 2
7571 2
7572 2
7576 2
7590 2
7600 2
7613 2
7619 2
7628 2
7640 2
7646 2
7655 2
7659 2
7665 2
7670 2
7691 2
7695 2
7701 2
7712 2
7713 2
7714 2
7716 2
7717 2
7718 2
7721 2
7725 2
7735 2
7747 2
7755 2
7767 2
7768 2
7770 2
7774 2
7778 2
7798 2
7800 2
7802 2
7811 2
7812 2
7815 2
7820 2
7828 2
7835 2
7838 2
7844 2
7845 2
7846 2
7865 2
7873 2
7885 2
7886 2
7897 2
7913 2
7916 2
7925 2
7928 2
7938 2
7941 2
7945 2
7961 2
7964 2
7970 2
7981 2
7984 2
7987 2
7990 2
7991 2
7992 2
8006 2
8008 2
8022 2
8039 2
8051 2
8052 2
8074 2
8077 2
8084 2
8094 2
8096 2
8099 2
8103 2
8105 2
8108 2
8110 2
8111 2
8121 2
8131 2
8133 2
8141 2
8152 2
8171 2
8172 2
8175 2
8176 2
8177 2
8180 2
8194 2
8202 2
8213 2
8216 2
8234 2
8238 2
8241 2
8242 2
8248 2
8251 2
8252 2
8281 2
8285 2
8287 2
8289 2
8295 2
8315 2
8316 2
8319 2
8339 2
8343 2
8344 2
8353 2
8358 2
8364 2
8368 2
8374 2
8376 2
8379 2
8384 2
8393 2
8394 2
8397 2
8404 2
8411 2
8413 2
8416 2
8419 2
8429 2
8430 2
8438 2
8439 2
8455 2
8471 2
8472 2
8476 2
8480 2
8487 2
8494 2
8496 2
8499 2
8503 2
8506 2
8514 2
8518 2
8523 2
8524 2
8529 2
8531 2
8534 2
8543 2
8547 2
8549 2
8555 2
8570 2
8580 2
8583 2
8591 2
8592 2
8595 2
8597 2
8598 2
8599 2
8601 2
8603 2
8606 2
8615 2
8629 2
8636 2
8640 2
8645 2
8648 2
8650 2
8658 2
8659 2
8661 2
8664 2
8665 2
8671 2
8678 2
8680 2
8681 2
8689 2
8698 2
8703 2
8706 2
8716 2
8721 2
8741 2
8746 2
8750 2
8754 2
8755 2
8757 2
8759 2
8760 2
8761 2
8771 2
8789 2
8794 2
8798 2
8807 2
8814 2
8818 2
8830 2
8846 2
8881 2
8894 2
8895 2
8904 2
8910 2
8918 2
8919 2
8921 2
8924 2
8926 2
8932 2
8936 2
8940 2
8945 2
8949 2
8957 2
8961 2
8967 2
8971 2
8985 2
8986 2
9013 2
9014 2
9015 2
9017 2
9030 2
9032 2
9041 2
9042 2
9044 2
9045 2
9046 2
9049 2
9058 2
9059 2
9063 2
9066 2
9067 2
9088 2
9107 2
9115 2
9117 2
9120 2
9127 2
9136 2
9137 2
9140 2
9142 2
9145 2
9148 2
9156 2
9162 2
9165 2
9170 2
9186 2
9188 2
9194 2
9204 2
9220 2
9221 2
9225 2
9227 2
9230 2
9231 2
9239 2
9243 2
9244 2
9253 2
9257 2
9269 2
9275 2
9277 2
9281 2
9290 2
9291 2
9294 2
9295 2
9307 2
9313 2
9326 2
9327 2
9330 2
9334 2
9337 2
9339 2
9345 2
9347 2
9355 2
9360 2
9361 2
9362 2
9365 2
9369 2
9376 2
9383 2
9384 2
9398 2
9399 2
9406 2
9407 2
9408 2
9409 2
9411 2
9420 2
9422 2
9430 2
9431 2
9433 2
9439 2
9441 2
9443 2
9448 2
9449 2
9461 2
9462 2
9467 2
9469 2
9470 2
9481 2
9487 2
9488 2
9492 2
9496 2
9497 2
9504 2
9516 2
9517 2
9530 2
9533 2
9538 2
9546 2
9556 2
9560 2
9574 2
9580 2
9582 2
9584 2
9600 2
9606 2
9607 2
9609 2
9610 2
9612 2
9623 2
9627 2
9632 2
9637 2
9640 2
9643 2
9649 2
9650 2
9672 2
9677 2
9678 2
9679 2
9681 2
9694 2
9697 2
9706 2
9711 2
9712 2
9713 2
9716 2
9719 2
9727 2
9728 2
9731 2
9735 2
9736 2
9737 2
9739 2
9747 2
9749 2
9752 2
9760 2
9765 2
9766 2
9767 2
9770 2
9773 2
9777 2
9787 2
9791 2
9792 2
9793 2
9794 2
9801 2
9806 2
9807 2
9810 2
9812 2
9815 2
9819 2
9823 2
9831 2
9835 2
9838 2
9846 2
9852 2
9855 2
9862 2
9863 2
9868 2
9878 2
9893 2
9899 2
9900 2
9911 2
9917 2
9921 2
9939 2
9942 2
9949 2
9956 2
9957 2
9962 2
9967 2
9971 2
9975 2
9976 2
9977 2
9981 2
9985 2
9988 2
9990 2
9992 2
9993 2
10004 2
10006 2
10011 2
10012 2
10013 2
10014 2
10016 2
10018 2
10023 2
10024 2
10035 2
10037 2
10040 2
10042 2
10044 2
10055 2
10056 2
10067 2
10071 2
10084 2
10096 2
10104 2
10124 2
10127 2
10128 2
10130 2
10142 2
10146 2
10151 2
10153 2
10155 2
10161 2
10162 2
10167 2
10184 2
10187 2
10192 2
10196 2
10200 2
10221 2
10233 2
10240 2
10242 2
10246 2
10247 2
10250 2
10256 2
10258 2
10262 2
10265 2
10277 2
10284 2
10285 2
10286 2
10287 2
10289 2
10291 2
10293 2
10297 2
10300 2
10304 2
10308 2
10311 2
10313 2
10329 2
10332 2
10338 2
10352 2
10354 2
10356 2
10360 2
10364 2
10382 2
10394 2
10406 2
10413 2
10421 2
10422 2
10423 2
10428 2
10436 2
10438 2
10439 2
10457 2
10464 2
10470 2
10478 2
10492 2
10504 2
10509 2
10513 2
10516 2
10523 2
10527 2
10528 2
10534 2
10535 2
10537 2
10540 2
10544 2
10548 2
10550 2
10551 2
10564 2
10567 2
10575 2
10583 2
10585 2
10586 2
10592 2
10595 2
10602 2
10609 2
10612 2
10617 2
10624 2
10633 2
10636 2
10638 2
10641 2
10644 2
10648 2
10659 2
10660 2
10664 2
10666 2
10668 2
10670 2
10684 2
10686 2
10695 2
10708 2
10727 2
10728 2
10729 2
10732 2
10741 2
10743 2
10750 2
10751 2
10769 2
10772 2
10775 2
10778 2
10779 2
10781 2
10783 2
10784 2
10803 2
10810 2
10814 2
10840 2
10863 2
24 1
28 1
32 1
43 1
49 1
56 1
64 1
82 1
104 1
135 1
156 1
163 1
179 1
188 1
210 1
212 1
259 1
271 1
283 1
297 1
312 1
341 1
357 1
366 1
368 1
398 1
406 1
414 1
417 1
425 1
434 1
441 1
452 1
462 1
471 1
490 1
514 1
525 1
529 1
541 1
555 1
607 1
651 1
655 1
662 1
682 1
715 1
737 1
751 1
767 1
769 1
770 1
778 1
780 1
805 1
813 1
817 1
818 1
845 1
881 1
915 1
918 1
944 1
962 1
995 1
999 1
1002 1
1023 1
1028 1
1035 1
1038 1
1043 1
1064 1
1066 1
1081 1
1096 1
1098 1
1120 1
1124 1
1131 1
1139 1
1147 1
1149 1
1163 1
1170 1
1173 1
1181 1
1189 1
1206 1
1208 1
1220 1
1237 1
1253 1
1270 1
1271 1
1277 1
1284 1
1287 1
1298 1
1301 1
1310 1
1329 1
1331 1
1343 1
1346 1
1355 1
1358 1
1360 1
1371 1
1383 1
1390 1
1394 1
1413 1
1420 1
1431 1
1436 1
1437 1
1438 1
1478 1
1479 1
1482 1
1490 1
1498 1
1505 1
1510 1
1519 1
1524 1
1539 1
1559 1
1567 1
1573 1
1576 1
1577 1
1587 1
1594 1
1615 1
1617 1
1618 1
1635 1
1645 1
1649 1
1650 1
1651 1
1653 1
1671 1
1674 1
1684 1
1693 1
1695 1
1707 1
1726 1
1753 1
1761 1
1779 1
1784 1
1792 1
1803 1
1810 1
1823 1
1829 1
1865 1
1869 1
1873 1
1874 1
1875 1
1876 1
1877 1
1878 1
1880 1
1882 1
1885 1
1889 1
1901 1
1906 1
1908 1
1926 1
1951 1
1956 1
1957 1
1970 1
1986 1
1990 1
1991 1
2000 1
2003 1
2008 1
2012 1
2032 1
2036 1
2038 1
2046 1
2047 1
2095 1
2104 1
2105 1
2106 1
2110 1
2114 1
2126 1
2129 1
2134 1
2136 1
2139 1
2158 1
2164 1
2172 1
2185 1
2187 1
2189 1
2199 1
2219 1
2225 1
2228 1
2243 1
2253 1
2266 1
2276 1
2284 1
2287 1
2294 1
2295 1
2303 1
2305 1
2322 1
2325 1
2329 1
2330 1
2334 1
2352 1
2360 1
2369 1
2373 1
2377 1
2382 1
2397 1
2401 1
2405 1
2436 1
2459 1
2465 1
2488 1
2501 1
2503 1
2519 1
2524 1
2529 1
2534 1
2538 1
2544 1
2549 1
2562 1
2575 1
2576 1
2582 1
2593 1
2596 1
2598 1
2604 1
2609 1
2610 1
2611 1
2615 1
2616 1
2622 1
2648 1
2652 1
2657 1
2676 1
2688 1
2702 1
2703 1
2708 1
2719 1
2723 1
2724 1
2731 1
2733 1
2735 1
2737 1
2742 1
2746 1
2749 1
2754 1
2758 1
2759 1
2766 1
2800 1
2814 1
2817 1
2827 1
2834 1
2839 1
2847 1
2868 1
2879 1
2884 1
2887 1
2908 1
2910 1
2916 1
2918 1
2930 1
2935 1
2951 1
2971 1
2972 1
2974 1
2987 1
2988 1
3002 1
3008 1
3017 1
3026 1
3031 1
3034 1
3039 1
3042 1
3049 1
3053 1
3081 1
3104 1
3107 1
3108 1
3124 1
3137 1
3138 1
3150 1
3152 1
3159 1
3172 1
3188 1
3190 1
3192 1
3198 1
3200 1
3205 1
3214 1
3228 1
3234 1
3238 1
3259 1
3267 1
3273 1
3279 1
3283 1
3286 1
3309 1
3319 1
3331 1
3332 1
3333 1
3358 1
3383 1
3393 1
3395 1
3397 1
3401 1
3416 1
3417 1
3422 1
3431 1
3432 1
3434 1
3444 1
3447 1
3452 1
3463 1
3475 1
3480 1
3493 1
3505 1
3506 1
3509 1
3524 1
3526 1
3532 1
3533 1
3535 1
3538 1
3543 1
3553 1
3563 1
3567 1
3569 1
3576 1
3591 1
3596 1
3600 1
3620 1
3621 1
3625 1
3632 1
3634 1
3642 1
3644 1
3666 1
3671 1
3691 1
3693 1
3695 1
3700 1
3709 1
3712 1
3713 1
3717 1
3721 1
3725 1
3726 1
3730 1
3747 1
3749 1
3751 1
3762 1
3766 1
3768 1
3777 1
3778 1
3784 1
3801 1
3816 1
3817 1
3818 1
3834 1
3846 1
3866 1
3868 1
3872 1
3882 1
3886 1
3891 1
3896 1
3929 1
3930 1
3935 1
3939 1
3952 1
3956 1
3960 1
3973 1
3974 1
3976 1
3977 1
3979 1
3981 1
3993 1
4001 1
4009 1
4011 1
4018 1
4021 1
4023 1
4025 1
4029 1
4043 1
4050 1
4063 1
4068 1
4069 1
4070 1
4071 1
4072 1
4073 1
4074 1
4075 1
4076 1
4079 1
4118 1
4124 1
4134 1
4136 1
4146 1
4153 1
4164 1
4168 1
4177 1
4178 1
4196 1
4200 1
4207 1
4211 1
4214 1
4221 1
4228 1
4229 1
4234 1
4252 1
4253 1
4265 1
4266 1
4267 1
4273 1
4278 1
4284 1
4314 1
4316 1
4323 1
4332 1
4339 1
4351 1
4367 1
4372 1
4381 1
4393 1
4399 1
4400 1
4408 1
4421 1
4424 1
4431 1
4440 1
4442 1
4443 1
4444 1
4446 1
4449 1
4450 1
4452 1
4453 1
4454 1
4455 1
4456 1
4457 1
4458 1
4463 1
4466 1
4472 1
4474 1
4487 1
4490 1
4500 1
4503 1
4508 1
4514 1
4517 1
4528 1
4535 1
4539 1
4540 1
4541 1
4543 1
4545 1
4547 1
4554 1
4558 1
4563 1
4565 1
4567 1
4578 1
4581 1
4594 1
4597 1
4598 1
4604 1
4614 1
4622 1
4625 1
4633 1
4635 1
4638 1
4640 1
4647 1
4651 1
4653 1
4661 1
4663 1
4667 1
4668 1
4669 1
4671 1
4707 1
4723 1
4726 1
4730 1
4734 1
4738 1
4741 1
4742 1
4748 1
4756 1
4762 1
4766 1
4768 1
4770 1
4773 1
4781 1
4785 1
4786 1
4791 1
4795 1
4796 1
4797 1
4799 1
4801 1
4805 1
4808 1
4809 1
4810 1
4820 1
4827 1
4828 1
4833 1
4840 1
4841 1
4842 1
4847 1
4850 1
4851 1
4859 1
4860 1
4876 1
4877 1
4879 1
4880 1
4881 1
4882 1
4883 1
4884 1
4885 1
4887 1
4889 1
4890 1
4891 1
4892 1
4893 1
4894 1
4895 1
4896 1
4897 1
4898 1
4899 1
4901 1
4902 1
4904 1
4906 1
4908 1
4911 1
4914 1
4915 1
4924 1
4925 1
4933 1
4934 1
4935 1
4938 1
4941 1
4945 1
4961 1
4963 1
4968 1
4974 1
4978 1
4991 1
4995 1
5004 1
5005 1
5012 1
5022 1
5024 1
5027 1
5034 1
5035 1
5037 1
5039 1
5042 1
5053 1
5056 1
5059 1
5061 1
5063 1
5072 1
5076 1
5077 1
5085 1
5094 1
5097 1
5098 1
5099 1
5100 1
5101 1
5102 1
5103 1
5104 1
5105 1
5106 1
5108 1
5133 1
5138 1
5141 1
5155 1
5159 1
5162 1
5163 1
5167 1
5170 1
5171 1
5174 1
5176 1
5183 1
5202 1
5208 1
5219 1
5220 1
5226 1
5230 1
5235 1
5239 1
5243 1
5244 1
5245 1
5246 1
5249 1
5250 1
5251 1
5253 1
5263 1
5265 1
5268 1
5278 1
5280 1
5281 1
5291 1
5294 1
5300 1
5304 1
5312 1
5313 1
5324 1
5328 1
5332 1
5340 1
5348 1
5356 1
5368 1
5370 1
5374 1
5381 1
5393 1
5394 1
5395 1
5400 1
5404 1
5414 1
5418 1
5419 1
5421 1
5422 1
5436 1
5438 1
5448 1
5449 1
5451 1
5454 1
5457 1
5462 1
5464 1
5471 1
5475 1
5481 1
5484 1
5486 1
5489 1
5490 1
5492 1
5493 1
5494 1
5495 1
5496 1
5507 1
5508 1
5513 1
5525 1
5535 1
5538 1
5541 1
5544 1
5545 1
5551 1
5552 1
5555 1
5559 1
5567 1
5573 1
5578 1
5582 1
5596 1
5599 1
5602 1
5603 1
5605 1
5611 1
5613 1
5618 1
5623 1
5634 1
5638 1
5641 1
5646 1
5652 1
5653 1
5654 1
5655 1
5656 1
5666 1
5669 1
5677 1
5679 1
5680 1
5688 1
5689 1
5695 1
5697 1
5700 1
5701 1
5704 1
5716 1
5720 1
5723 1
5730 1
5731 1
5737 1
5741 1
5748 1
5749 1
5753 1
5760 1
5761 1
5764 1
5775 1
5776 1
5778 1
5786 1
5788 1
5795 1
5801 1
5810 1
5814 1
5816 1
5823 1
5828 1
5829 1
5833 1
5834 1
5843 1
5845 1
5846 1
5847 1
5851 1
5853 1
5855 1
5856 1
5859 1
5862 1
5864 1
5866 1
5868 1
5870 1
5875 1
5887 1
5889 1
5896 1
5906 1
5910 1
5912 1
5914 1
5919 1
5923 1
5929 1
5930 1
5934 1
5937 1
5938 1
5939 1
5943 1
5948 1
5952 1
5957 1
5959 1
5965 1
5969 1
5971 1
5974 1
5975 1
5986 1
5987 1
5988 1
5989 1
5990 1
5991 1
5992 1
5993 1
5994 1
6003 1
6004 1
6005 1
6009 1
6012 1
6013 1
6021 1
6023 1
6028 1
6037 1
6044 1
6046 1
6054 1
6060 1
6063 1
6068 1
6069 1
6074 1
6082 1
6091 1
6092 1
6099 1
6103 1
6109 1
6110 1
6113 1
6123 1
6124 1
6130 1
6133 1
6136 1
6141 1
6144 1
6146 1
6151 1
6152 1
6153 1
6155 1
6156 1
6157 1
6159 1
6164 1
6166 1
6182 1
6183 1
6187 1
6192 1
6195 1
6198 1
6211 1
6224 1
6228 1
6229 1
6233 1
6236 1
6237 1
6241 1
6246 1
6251 1
6262 1
6266 1
6268 1
6270 1
6273 1
6274 1
6279 1
6282 1
6288 1
6289 1
6291 1
6295 1
6298 1
6317 1
6320 1
6321 1
6333 1
6337 1
6343 1
6347 1
6349 1
6351 1
6354 1
6365 1
6366 1
6373 1
6376 1
6377 1
6379 1
6381 1
6383 1
6389 1
6396 1
6397 1
6400 1
6404 1
6410 1
6414 1
6424 1
6427 1
6436 1
6437 1
6438 1
6442 1
6446 1
6454 1
6460 1
6463 1
6467 1
6475 1
6476 1
6478 1
6481 1
6483 1
6485 1
6489 1
6490 1
6492 1
6494 1
6495 1
6497 1
6498 1
6499 1
6501 1
6502 1
6503 1
6506 1
6507 1
6513 1
6518 1
6520 1
6522 1
6526 1
6529 1
6530 1
6534 1
6537 1
6539 1
6546 1
6547 1
6548 1
6550 1
6552 1
6553 1
6554 1
6559 1
6561 1
6571 1
6574 1
6578 1
6582 1
6588 1
6592 1
6593 1
6594 1
6595 1
6596 1
6597 1
6598 1
6599 1
6601 1
6602 1
6604 1
6605 1
6606 1
6608 1
6610 1
6611 1
6612 1
6617 1
6619 1
6624 1
6626 1
6635 1
6637 1
6641 1
6642 1
6644 1
6645 1
6649 1
6651 1
6653 1
6655 1
6658 1
6659 1
6660 1
6667 1
6672 1
6684 1
6685 1
6686 1
6692 1
6695 1
6697 1
6698 1
6699 1
6701 1
6704 1
6706 1
6709 1
6713 1
6721 1
6730 1
6733 1
6737 1
6738 1
6739 1
6741 1
6742 1
6743 1
6751 1
6752 1
6754 1
6756 1
6760 1
6761 1
6763 1
6764 1
6765 1
6768 1
6772 1
6777 1
6783 1
6788 1
6795 1
6796 1
6797 1
6800 1
6809 1
6812 1
6816 1
6819 1
6827 1
6828 1
6831 1
6832 1
6835 1
6838 1
6846 1
6855 1
6856 1
6858 1
6870 1
6871 1
6872 1
6877 1
6879 1
6888 1
6893 1
6894 1
6895 1
6898 1
6902 1
6903 1
6906 1
6913 1
6915 1
6919 1
6922 1
6923 1
6930 1
6936 1
6938 1
6940 1
6943 1
6947 1
6948 1
6952 1
6954 1
6955 1
6956 1
6959 1
6960 1
6962 1
6963 1
6964 1
6965 1
6966 1
6967 1
6972 1
6975 1
6976 1
6977 1
6990 1
7001 1
7006 1
7018 1
7025 1
7028 1
7046 1
7047 1
7048 1
7051 1
7054 1
7057 1
7059 1
7073 1
7074 1
7077 1
7080 1
7082 1
7084 1
7087 1
7091 1
7093 1
7094 1
7104 1
7109 1
7110 1
7115 1
7123 1
7139 1
7140 1
7142 1
7143 1
7145 1
7147 1
7150 1
7153 1
7155 1
7158 1
7162 1
7163 1
7165 1
7175 1
7176 1
7179 1
7187 1
7189 1
7191 1
7198 1
7205 1
7207 1
7208 1
7214 1
7218 1
7220 1
7226 1
7227 1
7229 1
7231 1
7234 1
7237 1
7242 1
7247 1
7252 1
7253 1
7260 1
7261 1
7268 1
7271 1
7274 1
7281 1
7284 1
7288 1
7289 1
7290 1
7291 1
7292 1
7293 1
7294 1
7295 1
7296 1
7297 1
7298 1
7300 1
7301 1
7302 1
7303 1
7304 1
7305 1
7306 1
7307 1
7308 1
7310 1
7311 1
7312 1
7313 1
7314 1
7316 1
7317 1
7321 1
7322 1
7324 1
7332 1
7336 1
7337 1
7344 1
7352 1
7358 1
7362 1
7364 1
7368 1
7371 1
7377 1
7378 1
7382 1
7385 1
7390 1
7391 1
7393 1
7396 1
7406 1
7407 1
7411 1
7414 1
7415 1
7417 1
7418 1
7425 1
7443 1
7445 1
7447 1
7448 1
7450 1
7454 1
7455 1
7458 1
7459 1
7460 1
7466 1
7467 1
7469 1
7471 1
7473 1
7477 1
7478 1
7481 1
7491 1
7492 1
7497 1
7498 1
7500 1
7501 1
7512 1
7515 1
7518 1
7519 1
7525 1
7527 1
7531 1
7539 1
7540 1
7546 1
7550 1
7557 1
7561 1
7562 1
7566 1
7568 1
7574 1
7575 1
7577 1
7578 1
7579 1
7580 1
7582 1
7583 1
7586 1
7588 1
7593 1
7594 1
7598 1
7603 1
7610 1
7614 1
7616 1
7617 1
7622 1
7623 1
7630 1
7632 1
7633 1
7634 1
7636 1
7638 1
7641 1
7642 1
7645 1
7649 1
7652 1
7653 1
7654 1
7656 1
7657 1
7658 1
7660 1
7663 1
7664 1
7668 1
7675 1
7680 1
7683 1
7684 1
7686 1
7688 1
7694 1
7696 1
7702 1
7704 1
7711 1
7715 1
7720 1
7723 1
7726 1
7730 1
7740 1
7744 1
7746 1
7749 1
7756 1
7757 1
7758 1
7759 1
7760 1
7761 1
7762 1
7763 1
7764 1
7765 1
7766 1
7769 1
7771 1
7773 1
7777 1
7780 1
7782 1
7785 1
7786 1
7789 1
7790 1
7792 1
7793 1
7795 1
7797 1
7799 1
7810 1
7813 1
7816 1
7818 1
7824 1
7825 1
7831 1
7839 1
7841 1
7848 1
7852 1
7853 1
7856 1
7857 1
7861 1
7862 1
7867 1
7868 1
7869 1
7870 1
7871 1
7877 1
7881 1
7891 1
7893 1
7895 1
7896 1
7899 1
7901 1
7904 1
7906 1
7907 1
7911 1
7912 1
7914 1
7919 1
7920 1
7923 1
7927 1
7930 1
7931 1
7933 1
7935 1
7944 1
7946 1
7950 1
7952 1
7958 1
7962 1
7967 1
7969 1
7975 1
7976 1
7977 1
7978 1
7979 1
7982 1
7985 1
7986 1
7988 1
7993 1
7996 1
8002 1
8003 1
8016 1
8017 1
8024 1
8025 1
8026 1
8028 1
8029 1
8032 1
8034 1
8036 1
8041 1
8044 1
8045 1
8046 1
8048 1
8049 1
8050 1
8054 1
8058 1
8062 1
8065 1
8066 1
8067 1
8071 1
8072 1
8073 1
8075 1
8078 1
8079 1
8080 1
8081 1
8082 1
8088 1
8090 1
8091 1
8095 1
8101 1
8102 1
8112 1
8113 1
8114 1
8115 1
8116 1
8117 1
8118 1
8119 1
8123 1
8128 1
8129 1
8130 1
8132 1
8134 1
8136 1
8139 1
8146 1
8147 1
8149 1
8150 1
8156 1
8163 1
8165 1
8173 1
8174 1
8181 1
8182 1
8186 1
8187 1
8188 1
8189 1
8193 1
8200 1
8205 1
8206 1
8208 1
8209 1
8211 1
8219 1
8220 1
8221 1
8223 1
8226 1
8229 1
8233 1
8235 1
8236 1
8237 1
8239 1
8240 1
8244 1
8245 1
8249 1
8254 1
8255 1
8266 1
8269 1
8270 1
8271 1
8273 1
8274 1
8276 1
8283 1
8284 1
8286 1
8288 1
8290 1
8294 1
8297 1
8298 1
8300 1
8302 1
8305 1
8306 1
8311 1
8312 1
8317 1
8321 1
8322 1
8323 1
8324 1
8328 1
8329 1
8330 1
8335 1
8336 1
8341 1
8346 1
8347 1
8352 1
8355 1
8356 1
8367 1
8370 1
8371 1
8377 1
8378 1
8380 1
8389 1
8391 1
8395 1
8396 1
8398 1
8399 1
8400 1
8402 1
8403 1
8407 1
8412 1
8418 1
8421 1
8431 1
8432 1
8433 1
8436 1
8440 1
8442 1
8445 1
8447 1
8449 1
8450 1
8451 1
8452 1
8453 1
8460 1
8462 1
8463 1
8464 1
8468 1
8469 1
8473 1
8475 1
8477 1
8478 1
8479 1
8483 1
8485 1
8486 1
8493 1
8497 1
8498 1
8501 1
8502 1
8504 1
8505 1
8508 1
8509 1
8510 1
8512 1
8515 1
8522 1
8533 1
8538 1
8539 1
8541 1
8542 1
8544 1
8548 1
8550 1
8554 1
8556 1
8560 1
8561 1
8565 1
8575 1
8578 1
8582 1
8584 1
8593 1
8602 1
8607 1
8608 1
8609 1
8610 1
8613 1
8614 1
8620 1
8622 1
8626 1
8627 1
8630 1
8635 1
8637 1
8638 1
8639 1
8643 1
8646 1
8651 1
8652 1
8653 1
8674 1
8682 1
8683 1
8688 1
8691 1
8696 1
8697 1
8702 1
8711 1
8712 1
8722 1
8723 1
8727 1
8731 1
8733 1
8736 1
8740 1
8747 1
8753 1
8767 1
8768 1
8770 1
8772 1
8780 1
8783 1
8785 1
8788 1
8792 1
8795 1
8796 1
8799 1
8800 1
8801 1
8803 1
8808 1
8809 1
8811 1
8817 1
8820 1
8822 1
8824 1
8825 1
8831 1
8836 1
8838 1
8840 1
8841 1
8844 1
8847 1
8848 1
8851 1
8852 1
8853 1
8855 1
8858 1
8867 1
8871 1
8872 1
8878 1
8882 1
8883 1
8884 1
8886 1
8887 1
8889 1
8891 1
8893 1
8899 1
8902 1
8903 1
8912 1
8913 1
8915 1
8917 1
8923 1
8930 1
8931 1
8933 1
8935 1
8937 1
8941 1
8946 1
8955 1
8960 1
8964 1
8969 1
8970 1
8979 1
8982 1
8990 1
8991 1
8993 1
8997 1
8999 1
9005 1
9008 1
9009 1
9016 1
9019 1
9023 1
9027 1
9028 1
9029 1
9031 1
9033 1
9036 1
9038 1
9043 1
9048 1
9050 1
9051 1
9064 1
9065 1
9069 1
9070 1
9072 1
9074 1
9075 1
9078 1
9081 1
9082 1
9084 1
9085 1
9098 1
9099 1
9103 1
9104 1
9111 1
9119 1
9121 1
9122 1
9123 1
9125 1
9126 1
9132 1
9133 1
9135 1
9141 1
9143 1
9157 1
9172 1
9173 1
9174 1
9178 1
9179 1
9182 1
9183 1
9184 1
9185 1
9190 1
9192 1
9196 1
9197 1
9199 1
9201 1
9203 1
9205 1
9208 1
9211 1
9213 1
9219 1
9222 1
9232 1
9234 1
9236 1
9238 1
9240 1
9241 1
9245 1
9246 1
9248 1
9249 1
9251 1
9254 1
9255 1
9256 1
9260 1
9261 1
9270 1
9272 1
9274 1
9278 1
9283 1
9284 1
9285 1
9289 1
9298 1
9305 1
9308 1
9310 1
9312 1
9315 1
9317 1
9320 1
9325 1
9328 1
9332 1
9333 1
9336 1
9340 1
9342 1
9349 1
9354 1
9359 1
9371 1
9372 1
9373 1
9375 1
9385 1
9386 1
9388 1
9389 1
9392 1
9393 1
9394 1
9397 1
9413 1
9414 1
9416 1
9419 1
9423 1
9426 1
9427 1
9428 1
9434 1
9435 1
9436 1
9437 1
9438 1
9446 1
9447 1
9452 1
9458 1
9465 1
9466 1
9471 1
9473 1
9477 1
9483 1
9484 1
9485 1
9491 1
9493 1
9494 1
9498 1
9502 1
9506 1
9507 1
9509 1
9513 1
9515 1
9518 1
9522 1
9526 1
9527 1
9529 1
9532 1
9535 1
9537 1
9540 1
9549 1
9550 1
9551 1
9552 1
9553 1
9555 1
9557 1
9558 1
9559 1
9563 1
9566 1
9568 1
9575 1
9576 1
9577 1
9578 1
9579 1
9581 1
9585 1
9588 1
9591 1
9593 1
9595 1
9596 1
9597 1
9598 1
9604 1
9611 1
9613 1
9616 1
9617 1
9618 1
9621 1
9625 1
9626 1
9630 1
9631 1
9638 1
9641 1
9644 1
9645 1
9647 1
9648 1
9651 1
9654 1
9656 1
9657 1
9662 1
9663 1
9664 1
9676 1
9680 1
9685 1
9688 1
9689 1
9690 1
9691 1
9695 1
9703 1
9708 1
9710 1
9715 1
9725 1
9729 1
9730 1
9741 1
9742 1
9748 1
9751 1
9754 1
9761 1
9762 1
9763 1
9764 1
9769 1
9778 1
9782 1
9788 1
9789 1
9790 1
9795 1
9796 1
9804 1
9805 1
9809 1
9811 1
9814 1
9816 1
9817 1
9818 1
9820 1
9822 1
9827 1
9829 1
9830 1
9840 1
9842 1
9850 1
9853 1
9854 1
9858 1
9870 1
9872 1
9873 1
9876 1
9879 1
9883 1
9885 1
9887 1
9888 1
9889 1
9890 1
9897 1
9903 1
9904 1
9914 1
9915 1
9918 1
9919 1
9920 1
9925 1
9928 1
9929 1
9930 1
9932 1
9933 1
9934 1
9937 1
9941 1
9944 1
9945 1
9948 1
9958 1
9961 1
9963 1
9972 1
9973 1
9978 1
9979 1
9980 1
9984 1
9989 1
9991 1
9995 1
9997 1
10001 1
10002 1
10003 1
10009 1
10010 1
10015 1
10017 1
10027 1
10028 1
10031 1
10032 1
10034 1
10046 1
10048 1
10049 1
10050 1
10052 1
10053 1
10058 1
10061 1
10062 1
10064 1
10076 1
10077 1
10086 1
10087 1
10088 1
10089 1
10091 1
10092 1
10093 1
10094 1
10095 1
10097 1
10098 1
10099 1
10100 1
10101 1
10102 1
10106 1
10107 1
10108 1
10109 1
10112 1
10113 1
10114 1
10117 1
10121 1
10123 1
10129 1
10134 1
10136 1
10138 1
10152 1
10154 1
10157 1
10158 1
10164 1
10166 1
10168 1
10169 1
10171 1
10175 1
10180 1
10181 1
10182 1
10190 1
10191 1
10197 1
10198 1
10204 1
10205 1
10206 1
10209 1
10210 1
10211 1
10212 1
10213 1
10214 1
10215 1
10216 1
10217 1
10218 1
10219 1
10222 1
10224 1
10227 1
10228 1
10229 1
10232 1
10235 1
10237 1
10241 1
10248 1
10253 1
10254 1
10255 1
10259 1
10260 1
10261 1
10266 1
10267 1
10274 1
10275 1
10278 1
10279 1
10282 1
10283 1
10296 1
10299 1
10301 1
10302 1
10307 1
10309 1
10316 1
10317 1
10319 1
10320 1
10322 1
10323 1
10331 1
10333 1
10335 1
10339 1
10341 1
10342 1
10343 1
10347 1
10348 1
10350 1
10353 1
10355 1
10357 1
10358 1
10362 1
10366 1
10367 1
10370 1
10374 1
10375 1
10380 1
10384 1
10386 1
10388 1
10389 1
10390 1
10393 1
10395 1
10399 1
10400 1
10401 1
10402 1
10405 1
10407 1
10408 1
10409 1
10411 1
10412 1
10414 1
10415 1
10419 1
10420 1
10424 1
10427 1
10430 1
10432 1
10442 1
10444 1
10447 1
10448 1
10451 1
10455 1
10459 1
10461 1
10462 1
10467 1
10469 1
10475 1
10476 1
10482 1
10485 1
10486 1
10488 1
10490 1
10494 1
10495 1
10499 1
10502 1
10505 1
10506 1
10510 1
10512 1
10515 1
10524 1
10525 1
10531 1
10541 1
10542 1
10547 1
10549 1
10552 1
10558 1
10560 1
10565 1
10568 1
10570 1
10571 1
10572 1
10573 1
10576 1
10581 1
10582 1
10584 1
10589 1
10591 1
10596 1
10600 1
10603 1
10604 1
10605 1
10608 1
10610 1
10611 1
10614 1
10615 1
10616 1
10620 1
10621 1
10622 1
10625 1
10630 1
10631 1
10634 1
10637 1
10640 1
10643 1
10645 1
10646 1
10651 1
10652 1
10656 1
10658 1
10665 1
10667 1
10669 1
10672 1
10675 1
10676 1
10678 1
10682 1
10683 1
10685 1
10687 1
10688 1
10689 1
10691 1
10692 1
10693 1
10694 1
10697 1
10698 1
10699 1
10702 1
10707 1
10712 1
10713 1
10716 1
10718 1
10720 1
10722 1
10725 1
10731 1
10734 1
10737 1
10738 1
10740 1
10744 1
10747 1
10755 1
10758 1
10759 1
10762 1
10763 1
10764 1
10765 1
10767 1
10768 1
10777 1
10782 1
10786 1
10789 1
10791 1
10792 1
10793 1
10794 1
10795 1
10799 1
10800 1
10801 1
10802 1
10804 1
10806 1
10807 1
10808 1
10811 1
10813 1
10817 1
10818 1
10819 1
10821 1
10822 1
10823 1
10824 1
10825 1
10826 1
10828 1
10831 1
10832 1
10833 1
10834 1
10838 1
10847 1
10850 1
10851 1
10852 1
10853 1
10854 1
10856 1
10859 1
10861 1
10862 1
10865 1
10866 1
10867 1
10868 1
10869 1
10870 1
10871 1
10872 1
10873 1
10875 1
10876 1
10877 1
10878 1
